0.041484 0.25378 0.033227
0.14148 0.25512 0.033153
0.24148 0.25647 0.033081
0.34148 0.25783 0.033009
0.44148 0.2592 0.032937
0.54148 0.26057 0.032867
0.64148 0.26196 0.032796
0.74148 0.26335 0.032727
0.84148 0.26475 0.032657
0.94148 0.26616 0.032588
1.0415 0.26758 0.032519
1.1415 0.269 0.03245
1.2415 0.27043 0.032382
1.3415 0.27187 0.032313
1.4415 0.27332 0.032244
1.5415 0.27477 0.032175
1.6415 0.27624 0.032106
1.7415 0.2777 0.032036
1.8415 0.27918 0.031966
1.9415 0.28066 0.031896
2.0415 0.28215 0.031825
2.1415 0.28365 0.031754
2.2415 0.28515 0.031682
2.3415 0.28665 0.03161
2.4415 0.28817 0.031537
2.5415 0.28969 0.031464
2.6415 0.29121 0.031389
2.7415 0.29274 0.031314
2.8415 0.29428 0.031239
2.9415 0.29582 0.031162
3.0415 0.29737 0.031085
3.1415 0.29892 0.031007
3.2415 0.30048 0.030928
3.3415 0.30204 0.030848
3.4415 0.30361 0.030767
3.5415 0.30518 0.030685
3.6415 0.30676 0.030603
3.7415 0.30834 0.030519
3.8415 0.30992 0.030435
3.9415 0.31151 0.030349
4.0415 0.3131 0.030263
4.1415 0.3147 0.030176
4.2415 0.3163 0.030087
4.3415 0.3179 0.029998
4.4415 0.31951 0.029907
4.5415 0.32112 0.029816
4.6415 0.32273 0.029724
4.7415 0.32435 0.02963
4.8415 0.32597 0.029536
4.9415 0.32759 0.029441
5.0415 0.32922 0.029344
5.1415 0.33085 0.029247
5.2415 0.33248 0.029149
5.3415 0.33411 0.02905
5.4415 0.33574 0.02895
5.5415 0.33738 0.028849
5.6415 0.33902 0.028747
5.7415 0.34066 0.028644
5.8415 0.3423 0.02854
5.9415 0.34394 0.028435
6.0415 0.34559 0.02833
6.1415 0.34724 0.028224
6.2415 0.34888 0.028117
6.3415 0.35053 0.028009
6.4415 0.35218 0.0279
6.5415 0.35383 0.027791
6.6415 0.35548 0.02768
6.7415 0.35714 0.02757
6.8415 0.35879 0.027458
6.9415 0.36044 0.027346
7.0415 0.3621 0.027233
7.1415 0.36375 0.02712
7.2415 0.3654 0.027006
7.3415 0.36706 0.026891
7.4415 0.36871 0.026776
7.5415 0.37036 0.026661
7.6415 0.37201 0.026545
7.7415 0.37367 0.026428
7.8415 0.37532 0.026312
7.9415 0.37697 0.026194
8.0415 0.37862 0.026077
8.1415 0.38026 0.025959
8.2415 0.38191 0.025841
8.3415 0.38356 0.025723
8.4415 0.3852 0.025604
8.5415 0.38685 0.025486
8.6415 0.38849 0.025367
8.7415 0.39013 0.025248
8.8415 0.39177 0.02513
8.9415 0.3934 0.025011
9.0415 0.39504 0.024892
9.1415 0.39667 0.024773
9.2415 0.3983 0.024655
9.3415 0.39993 0.024536
9.4415 0.40156 0.024418
9.5415 0.40318 0.0243
9.6415 0.4048 0.024182
9.7415 0.40642 0.024064
9.8415 0.40803 0.023947
9.9415 0.40964 0.02383
10.041 0.41125 0.023714
10.141 0.41286 0.023598
10.241 0.41446 0.023483
10.341 0.41606 0.023368
10.441 0.41766 0.023253
10.541 0.41925 0.02314
10.641 0.42084 0.023027
10.741 0.42242 0.022914
10.841 0.424 0.022803
10.941 0.42558 0.022692
11.041 0.42716 0.022582
11.141 0.42872 0.022473
11.241 0.43029 0.022364
11.341 0.43185 0.022257
11.441 0.43341 0.022151
11.541 0.43496 0.022045
11.641 0.43651 0.021941
11.741 0.43805 0.021838
11.841 0.43959 0.021736
11.941 0.44112 0.021635
12.041 0.44265 0.021535
12.141 0.44417 0.021436
12.241 0.44569 0.021339
12.341 0.4472 0.021243
12.441 0.44871 0.021148
12.541 0.45021 0.021055
12.641 0.45171 0.020963
12.741 0.4532 0.020873
12.841 0.45468 0.020784
12.941 0.45616 0.020696
13.041 0.45764 0.02061
13.141 0.4591 0.020526
13.241 0.46056 0.020443
13.341 0.46202 0.020361
13.441 0.46347 0.020282
13.541 0.46491 0.020204
13.641 0.46635 0.020127
13.741 0.46778 0.020052
13.841 0.4692 0.019979
13.941 0.47062 0.019908
14.041 0.47203 0.019838
14.141 0.47344 0.01977
14.241 0.47483 0.019704
14.341 0.47622 0.01964
14.441 0.47761 0.019577
14.541 0.47898 0.019517
14.641 0.48035 0.019458
14.741 0.48171 0.019401
14.841 0.48307 0.019345
14.941 0.48442 0.019292
15.041 0.48576 0.01924
15.141 0.48709 0.01919
15.241 0.48841 0.019142
15.341 0.48973 0.019096
15.441 0.49104 0.019051
15.541 0.49234 0.019009
15.641 0.49364 0.018968
15.741 0.49492 0.018929
15.841 0.4962 0.018892
15.941 0.49747 0.018856
16.041 0.49874 0.018823
16.141 0.49999 0.018791
16.241 0.50124 0.018761
16.341 0.50247 0.018732
16.441 0.5037 0.018706
16.541 0.50492 0.018681
16.641 0.50614 0.018657
16.741 0.50734 0.018635
16.841 0.50854 0.018615
16.941 0.50972 0.018597
17.041 0.5109 0.01858
17.141 0.51207 0.018564
17.241 0.51323 0.018551
17.341 0.51438 0.018538
17.441 0.51552 0.018527
17.541 0.51666 0.018518
17.641 0.51778 0.01851
17.741 0.5189 0.018503
17.841 0.52 0.018498
17.941 0.5211 0.018494
18.041 0.52219 0.018491
18.141 0.52327 0.018489
18.241 0.52434 0.018489
18.341 0.5254 0.01849
18.441 0.52645 0.018492
18.541 0.52749 0.018495
18.641 0.52852 0.018499
18.741 0.52954 0.018504
18.841 0.53055 0.01851
18.941 0.53156 0.018518
19.041 0.53255 0.018526
19.141 0.53353 0.018535
19.241 0.53451 0.018544
19.341 0.53547 0.018555
19.441 0.53642 0.018566
19.541 0.53737 0.018578
19.641 0.5383 0.018591
19.741 0.53922 0.018605
19.841 0.54014 0.018619
19.941 0.54104 0.018633
