0.0051773 0.24155 0.024318
0.10518 0.24378 0.023921
0.20518 0.246 0.023541
0.30518 0.24823 0.023176
0.40518 0.25045 0.022828
0.50518 0.25267 0.022497
0.60518 0.25489 0.022183
0.70518 0.25711 0.021885
0.80518 0.25932 0.021605
0.90518 0.26154 0.021342
1.0052 0.26375 0.021096
1.1052 0.26596 0.020867
1.2052 0.26817 0.020656
1.3052 0.27038 0.020461
1.4052 0.27258 0.020283
1.5052 0.27479 0.020121
1.6052 0.27699 0.019976
1.7052 0.27919 0.019847
1.8052 0.28139 0.019732
1.9052 0.28358 0.019633
2.0052 0.28577 0.019548
2.1052 0.28796 0.019477
2.2052 0.29015 0.019419
2.3052 0.29234 0.019374
2.4052 0.29452 0.01934
2.5052 0.2967 0.019318
2.6052 0.29888 0.019305
2.7052 0.30105 0.019303
2.8052 0.30322 0.019309
2.9052 0.30539 0.019323
3.0052 0.30755 0.019344
3.1052 0.30971 0.019372
3.2052 0.31187 0.019405
3.3052 0.31403 0.019443
3.4052 0.31618 0.019485
3.5052 0.31832 0.019531
3.6052 0.32047 0.019579
3.7052 0.32261 0.019629
3.8052 0.32474 0.01968
3.9052 0.32687 0.019731
4.0052 0.329 0.019782
4.1052 0.33112 0.019833
4.2052 0.33324 0.019881
4.3052 0.33535 0.019928
4.4052 0.33746 0.019973
4.5052 0.33956 0.020014
4.6052 0.34166 0.020052
4.7052 0.34375 0.020086
4.8052 0.34584 0.020116
4.9052 0.34792 0.020141
5.0052 0.34999 0.020161
5.1052 0.35206 0.020176
5.2052 0.35412 0.020185
5.3052 0.35618 0.020188
5.4052 0.35823 0.020185
5.5052 0.36027 0.020175
5.6052 0.36231 0.02016
5.7052 0.36434 0.020138
5.8052 0.36636 0.020109
5.9052 0.36837 0.020074
6.0052 0.37038 0.020032
6.1052 0.37238 0.019984
6.2052 0.37437 0.01993
6.3052 0.37635 0.019869
6.4052 0.37832 0.019803
6.5052 0.38029 0.01973
6.6052 0.38224 0.019652
6.7052 0.38419 0.019569
6.8052 0.38612 0.019481
6.9052 0.38805 0.019389
7.0052 0.38996 0.019293
7.1052 0.39187 0.019193
7.2052 0.39376 0.019091
7.3052 0.39565 0.018986
7.4052 0.39752 0.018879
7.5052 0.39938 0.018772
7.6052 0.40123 0.018664
7.7052 0.40307 0.018556
7.8052 0.4049 0.01845
7.9052 0.40671 0.018346
8.0052 0.40851 0.018245
8.1052 0.4103 0.018147
8.2052 0.41207 0.018054
8.3052 0.41383 0.017967
8.4052 0.41558 0.017886
8.5052 0.41731 0.017812
8.6052 0.41903 0.017746
8.7052 0.42073 0.017688
8.8052 0.42242 0.017641
8.9052 0.42409 0.017603
9.0052 0.42575 0.017577
9.1052 0.42739 0.017562
9.2052 0.42902 0.017559
9.3052 0.43063 0.017568
9.4052 0.43222 0.01759
9.5052 0.43379 0.017625
9.6052 0.43535 0.017672
9.7052 0.43689 0.017733
9.8052 0.43841 0.017806
9.9052 0.43992 0.017892
10.005 0.4414 0.01799
10.105 0.44287 0.0181
10.205 0.44432 0.018222
10.305 0.44574 0.018353
10.405 0.44715 0.018495
10.505 0.44854 0.018645
10.605 0.44991 0.018804
10.705 0.45126 0.01897
10.805 0.45259 0.019143
10.905 0.4539 0.01932
11.005 0.45519 0.019502
11.105 0.45646 0.019688
11.205 0.45771 0.019875
11.305 0.45893 0.020064
11.405 0.46014 0.020253
11.505 0.46132 0.020442
11.605 0.46248 0.020628
11.705 0.46363 0.020812
11.805 0.46474 0.020993
11.905 0.46584 0.021169
12.005 0.46692 0.02134
12.105 0.46797 0.021504
12.205 0.469 0.021662
12.305 0.47001 0.021813
12.405 0.471 0.021955
12.505 0.47196 0.022089
12.605 0.4729 0.022214
12.705 0.47382 0.022329
12.805 0.47472 0.022434
12.905 0.4756 0.022529
13.005 0.47645 0.022613
13.105 0.47729 0.022687
13.205 0.4781 0.022749
13.305 0.47889 0.022801
13.405 0.47965 0.022841
13.505 0.4804 0.022871
13.605 0.48113 0.02289
13.705 0.48183 0.022898
13.805 0.48251 0.022895
13.905 0.48317 0.022882
14.005 0.48381 0.022859
14.105 0.48443 0.022826
14.205 0.48503 0.022784
14.305 0.48561 0.022732
14.405 0.48617 0.022673
14.505 0.48671 0.022605
14.605 0.48722 0.02253
14.705 0.48772 0.022448
14.805 0.4882 0.022359
14.905 0.48866 0.022265
15.005 0.48911 0.022166
15.105 0.48953 0.022062
15.205 0.48994 0.021955
15.305 0.49032 0.021845
15.405 0.49069 0.021732
15.505 0.49105 0.021617
15.605 0.49138 0.021501
15.705 0.4917 0.021385
15.805 0.492 0.02127
15.905 0.49229 0.021155
16.005 0.49256 0.021042
16.105 0.49281 0.020931
16.205 0.49305 0.020823
16.305 0.49327 0.020718
16.405 0.49348 0.020618
16.505 0.49367 0.020521
16.605 0.49385 0.02043
16.705 0.49401 0.020344
16.805 0.49417 0.020264
16.905 0.4943 0.02019
17.005 0.49443 0.020122
17.105 0.49454 0.020061
17.205 0.49464 0.020007
17.305 0.49472 0.01996
17.405 0.4948 0.01992
17.505 0.49486 0.019888
17.605 0.49491 0.019863
17.705 0.49495 0.019844
17.805 0.49498 0.019834
17.905 0.495 0.01983
18.005 0.495 0.019833
18.105 0.495 0.019843
18.205 0.49499 0.01986
18.305 0.49496 0.019883
18.405 0.49493 0.019912
18.505 0.49489 0.019946
18.605 0.49484 0.019987
18.705 0.49478 0.020032
18.805 0.49471 0.020082
18.905 0.49464 0.020137
19.005 0.49455 0.020196
19.105 0.49446 0.020259
19.205 0.49436 0.020324
19.305 0.49425 0.020393
19.405 0.49414 0.020465
19.505 0.49402 0.020539
19.605 0.49389 0.020615
19.705 0.49375 0.020693
19.805 0.49361 0.020771
19.905 0.49346 0.020851
