0.06909 0.16293 0.018004
0.16909 0.16406 0.018001
0.26909 0.16523 0.017995
0.36909 0.16642 0.017988
0.46909 0.16764 0.017977
0.56909 0.16889 0.017965
0.66909 0.17016 0.01795
0.76909 0.17147 0.017933
0.86909 0.1728 0.017914
0.96909 0.17416 0.017892
1.0691 0.17554 0.017869
1.1691 0.17696 0.017844
1.2691 0.1784 0.017818
1.3691 0.17987 0.01779
1.4691 0.18137 0.017761
1.5691 0.1829 0.017731
1.6691 0.18445 0.0177
1.7691 0.18603 0.01767
1.8691 0.18764 0.017639
1.9691 0.18928 0.017608
2.0691 0.19094 0.017579
2.1691 0.19264 0.01755
2.2691 0.19436 0.017523
2.3691 0.19611 0.017498
2.4691 0.19788 0.017475
2.5691 0.19969 0.017455
2.6691 0.20152 0.017439
2.7691 0.20338 0.017426
2.8691 0.20526 0.017418
2.9691 0.20718 0.017415
3.0691 0.20912 0.017418
3.1691 0.21109 0.017427
3.2691 0.21309 0.017442
3.3691 0.21512 0.017465
3.4691 0.21717 0.017496
3.5691 0.21925 0.017535
3.6691 0.22136 0.017584
3.7691 0.2235 0.017642
3.8691 0.22566 0.01771
3.9691 0.22786 0.017789
4.0691 0.23008 0.017879
4.1691 0.23232 0.017981
4.2691 0.2346 0.018095
4.3691 0.2369 0.018222
4.4691 0.23923 0.018362
4.5691 0.24159 0.018515
4.6691 0.24398 0.018682
4.7691 0.24639 0.018862
4.8691 0.24883 0.019056
4.9691 0.2513 0.019265
5.0691 0.2538 0.019488
5.1691 0.25632 0.019724
5.2691 0.25887 0.019975
5.3691 0.26145 0.02024
5.4691 0.26406 0.020518
5.5691 0.26669 0.020811
5.6691 0.26935 0.021116
5.7691 0.27204 0.021434
5.8691 0.27476 0.021765
5.9691 0.2775 0.022107
6.0691 0.28027 0.022462
6.1691 0.28307 0.022827
6.2691 0.28589 0.023202
6.3691 0.28874 0.023587
6.4691 0.29162 0.02398
6.5691 0.29452 0.024382
6.6691 0.29746 0.02479
6.7691 0.30042 0.025205
6.8691 0.3034 0.025626
6.9691 0.30641 0.02605
7.0691 0.30945 0.026478
7.1691 0.31251 0.026907
7.2691 0.3156 0.027338
7.3691 0.31872 0.027768
7.4691 0.32186 0.028196
7.5691 0.32503 0.028622
7.6691 0.32822 0.029042
7.7691 0.33144 0.029457
7.8691 0.33468 0.029865
7.9691 0.33795 0.030263
8.0691 0.34124 0.03065
8.1691 0.34456 0.031025
8.2691 0.3479 0.031385
8.3691 0.35127 0.03173
8.4691 0.35465 0.032056
8.5691 0.35806 0.032362
8.6691 0.36149 0.032646
8.7691 0.36495 0.032907
8.8691 0.36842 0.033141
8.9691 0.37192 0.033348
9.0691 0.37544 0.033524
9.1691 0.37897 0.033669
9.2691 0.38253 0.033781
9.3691 0.3861 0.033857
9.4691 0.38969 0.033896
9.5691 0.39329 0.033896
9.6691 0.39692 0.033857
9.7691 0.40055 0.033778
9.8691 0.4042 0.033658
9.9691 0.40786 0.033497
10.069 0.41153 0.033296
10.169 0.41522 0.033055
10.269 0.41891 0.032777
10.369 0.4226 0.032465
10.469 0.4263 0.032122
10.569 0.43001 0.031754
10.669 0.43371 0.031366
10.769 0.43741 0.030967
10.869 0.44111 0.030564
10.969 0.44481 0.030169
11.069 0.44849 0.029793
11.169 0.45217 0.02945
11.269 0.45583 0.029151
11.369 0.45948 0.028912
11.469 0.46311 0.028746
11.569 0.46672 0.028664
11.669 0.4703 0.028675
11.769 0.47385 0.028786
11.869 0.47737 0.028998
11.969 0.48085 0.029308
12.069 0.4843 0.029706
12.169 0.4877 0.03018
12.269 0.49106 0.03071
12.369 0.49437 0.031272
12.469 0.49762 0.03184
12.569 0.50081 0.032384
12.669 0.50395 0.032874
12.769 0.50702 0.033277
12.869 0.51002 0.033564
12.969 0.51296 0.033705
13.069 0.51582 0.033675
13.169 0.5186 0.033454
13.269 0.52131 0.033028
13.369 0.52393 0.032399
13.469 0.52648 0.031579
13.569 0.52894 0.030605
13.669 0.53131 0.029547
13.769 0.5336 0.028514
13.869 0.53581 0.027671
13.969 0.53793 0.027241
14.069 0.53997 0.027487
14.169 0.54193 0.028664
14.269 0.5438 0.030951
14.369 0.5456 0.034411
14.469 0.54731 0.039007
14.569 0.54895 0.044643
14.669 0.55052 0.051212
14.769 0.55202 0.058612
14.869 0.55345 0.05475
14.969 0.55478 0.049565
15.069 0.55602 0.044874
15.169 0.55719 0.040656
15.269 0.55827 0.03689
15.369 0.55927 0.033553
15.469 0.5602 0.030621
15.569 0.56106 0.028067
15.669 0.56186 0.025864
15.769 0.56259 0.023984
15.869 0.56327 0.022395
15.969 0.56389 0.021066
16.069 0.56445 0.019965
16.169 0.56497 0.01906
16.269 0.56544 0.018322
16.369 0.56587 0.017722
16.469 0.56626 0.017236
16.569 0.56661 0.016841
16.669 0.56693 0.01652
16.769 0.56721 0.016256
16.869 0.56747 0.016038
16.969 0.56769 0.015856
17.069 0.56789 0.015701
17.169 0.56807 0.015569
17.269 0.56822 0.015455
17.369 0.56835 0.015355
17.469 0.56846 0.015267
17.569 0.56856 0.015189
17.669 0.56864 0.01512
17.769 0.5687 0.015057
17.869 0.56875 0.015002
17.969 0.56878 0.014952
18.069 0.5688 0.014907
18.169 0.56881 0.014867
18.269 0.56882 0.014831
18.369 0.56881 0.014799
18.469 0.56879 0.014771
18.569 0.56876 0.014745
18.669 0.56873 0.014722
18.769 0.56869 0.014701
18.869 0.56865 0.014682
18.969 0.5686 0.014664
19.069 0.56854 0.014648
19.169 0.56848 0.014633
19.269 0.56841 0.014619
19.369 0.56834 0.014605
19.469 0.56826 0.014591
19.569 0.56819 0.014577
19.669 0.56811 0.014564
19.769 0.56802 0.01455
19.869 0.56793 0.014535
19.969 0.56784 0.014521
