0.067371 0.66185 0.1531
0.16737 0.67055 0.15202
0.26737 0.67925 0.15095
0.36737 0.68795 0.14988
0.46737 0.69666 0.14881
0.56737 0.70536 0.14774
0.66737 0.71406 0.14668
0.76737 0.72276 0.14561
0.86737 0.73146 0.14455
0.96737 0.74017 0.1435
1.0674 0.74887 0.14244
1.1674 0.75757 0.14139
1.2674 0.76627 0.14033
1.3674 0.77497 0.13929
1.4674 0.78368 0.13824
1.5674 0.79238 0.1372
1.6674 0.80108 0.13616
1.7674 0.80978 0.13512
1.8674 0.81848 0.13408
1.9674 0.82719 0.13305
2.0674 0.83589 0.13202
2.1674 0.84459 0.131
2.2674 0.85329 0.12997
2.3674 0.862 0.12895
2.4674 0.8707 0.12794
2.5674 0.8794 0.12692
2.6674 0.8881 0.12591
2.7674 0.8968 0.12491
2.8674 0.90551 0.1239
2.9674 0.91421 0.12291
3.0674 0.92291 0.12191
3.1674 0.93161 0.12092
3.2674 0.94031 0.11993
3.3674 0.94902 0.11895
3.4674 0.95772 0.11797
3.5674 0.96642 0.117
3.6674 0.97512 0.11602
3.7674 0.98382 0.11506
3.8674 0.99253 0.1141
3.9674 1.0012 0.11314
4.0674 1.0099 0.11219
4.1674 1.0186 0.11124
4.2674 1.0273 0.1103
4.3674 1.036 0.10936
4.4674 1.0447 0.10843
4.5674 1.0534 0.10751
4.6674 1.0621 0.10659
4.7674 1.0708 0.10567
4.8674 1.0795 0.10477
4.9674 1.0882 0.10386
5.0674 1.097 0.10297
5.1674 1.1057 0.10208
5.2674 1.1144 0.1012
5.3674 1.1231 0.10032
5.4674 1.1318 0.09945
5.5674 1.1405 0.098589
5.6674 1.1492 0.097734
5.7674 1.1579 0.096887
5.8674 1.1666 0.096047
5.9674 1.1753 0.095216
6.0674 1.184 0.094393
6.1674 1.1927 0.093578
6.2674 1.2014 0.092771
6.3674 1.2101 0.091974
6.4674 1.2188 0.091185
6.5674 1.2275 0.090406
6.6674 1.2362 0.089636
6.7674 1.2449 0.088876
6.8674 1.2536 0.088126
6.9674 1.2623 0.087386
7.0674 1.271 0.086656
7.1674 1.2797 0.085938
7.2674 1.2884 0.08523
7.3674 1.2971 0.084534
7.4674 1.3058 0.083849
7.5674 1.3145 0.083177
7.6674 1.3232 0.082516
7.7674 1.3319 0.081868
7.8674 1.3406 0.081233
7.9674 1.3493 0.080611
8.0674 1.358 0.080002
8.1674 1.3667 0.079407
8.2674 1.3754 0.078826
8.3674 1.3841 0.07826
8.4674 1.3928 0.077708
8.5674 1.4015 0.077171
8.6674 1.4102 0.076649
8.7674 1.4189 0.076142
8.8674 1.4276 0.075652
8.9674 1.4363 0.075178
9.0674 1.445 0.07472
9.1674 1.4537 0.07428
9.2674 1.4624 0.073856
9.3674 1.4711 0.07345
9.4674 1.4798 0.073061
9.5674 1.4885 0.072691
9.6674 1.4972 0.072338
9.7674 1.506 0.072004
9.8674 1.5147 0.071689
9.9674 1.5234 0.071394
10.067 1.5321 0.071117
10.167 1.5408 0.07086
10.267 1.5495 0.070622
10.367 1.5582 0.070405
10.467 1.5669 0.070207
10.567 1.5756 0.07003
10.667 1.5843 0.069874
10.767 1.593 0.069737
10.867 1.6017 0.069622
10.967 1.6104 0.069527
11.067 1.6191 0.069454
11.167 1.6278 0.069401
11.267 1.6365 0.069369
11.367 1.6452 0.069358
11.467 1.6539 0.069368
11.567 1.6626 0.069399
11.667 1.6713 0.069452
11.767 1.68 0.069525
11.867 1.6887 0.069619
11.967 1.6974 0.069734
12.067 1.7061 0.069869
12.167 1.7148 0.070025
12.267 1.7235 0.070202
12.367 1.7322 0.070398
12.467 1.7409 0.070615
12.567 1.7496 0.070852
12.667 1.7583 0.071109
12.767 1.767 0.071385
12.867 1.7757 0.07168
12.967 1.7844 0.071994
13.067 1.7931 0.072328
13.167 1.8018 0.072679
13.267 1.8105 0.073049
13.367 1.8192 0.073437
13.467 1.8279 0.073843
13.567 1.8366 0.074266
13.667 1.8453 0.074707
13.767 1.854 0.075164
13.867 1.8627 0.075637
13.967 1.8714 0.076127
14.067 1.8801 0.076633
14.167 1.8888 0.077154
14.267 1.8975 0.077691
14.367 1.9062 0.078242
14.467 1.9149 0.078809
14.567 1.9237 0.079389
14.667 1.9324 0.079984
14.767 1.9411 0.080592
14.867 1.9498 0.081214
14.967 1.9585 0.081849
15.067 1.9672 0.082496
15.167 1.9759 0.083156
15.267 1.9846 0.083829
15.367 1.9933 0.084513
15.467 2.002 0.085209
15.567 2.0107 0.085916
15.667 2.0194 0.086634
15.767 2.0281 0.087363
15.867 2.0368 0.088103
15.967 2.0455 0.088852
16.067 2.0542 0.089612
16.167 2.0629 0.090382
16.267 2.0716 0.091161
16.367 2.0803 0.091949
16.467 2.089 0.092747
16.567 2.0977 0.093553
16.667 2.1064 0.094368
16.767 2.1151 0.095191
16.867 2.1238 0.096022
16.967 2.1325 0.096861
17.067 2.1412 0.097708
17.167 2.1499 0.098562
17.267 2.1586 0.099424
17.367 2.1673 0.10029
17.467 2.176 0.10117
17.567 2.1847 0.10205
17.667 2.1934 0.10294
17.767 2.2021 0.10384
17.867 2.2108 0.10474
17.967 2.2195 0.10565
18.067 2.2282 0.10656
18.167 2.2369 0.10748
18.267 2.2456 0.1084
18.367 2.2543 0.10934
18.467 2.263 0.11027
18.567 2.2717 0.11121
18.667 2.2804 0.11216
18.767 2.2891 0.11311
18.867 2.2978 0.11407
18.967 2.3065 0.11503
19.067 2.3152 0.11599
19.167 2.3239 0.11697
19.267 2.3327 0.11794
19.367 2.3414 0.11892
19.467 2.3501 0.1199
19.567 2.3588 0.12089
19.667 2.3675 0.12188
19.767 2.3762 0.12288
19.867 2.3849 0.12387
19.967 2.3936 0.12488
