0.072276 0.55407 0.052037
0.17228 0.56037 0.052372
0.27228 0.56675 0.052719
0.37228 0.57319 0.053076
0.47228 0.57971 0.053443
0.57228 0.5863 0.053819
0.67228 0.59296 0.054203
0.77228 0.5997 0.054593
0.87228 0.60652 0.05499
0.97228 0.61341 0.05539
1.0723 0.62037 0.055795
1.1723 0.62742 0.056202
1.2723 0.63455 0.05661
1.3723 0.64176 0.057019
1.4723 0.64905 0.057427
1.5723 0.65643 0.057832
1.6723 0.66389 0.058235
1.7723 0.67144 0.058633
1.8723 0.67908 0.059025
1.9723 0.68681 0.059411
2.0723 0.69463 0.059789
2.1723 0.70254 0.060158
2.2723 0.71055 0.060516
2.3723 0.71866 0.060864
2.4723 0.72686 0.061199
2.5723 0.73516 0.06152
2.6723 0.74357 0.061827
2.7723 0.75208 0.062119
2.8723 0.76069 0.062393
2.9723 0.76941 0.06265
3.0723 0.77824 0.062889
3.1723 0.78718 0.063108
3.2723 0.79623 0.063306
3.3723 0.80539 0.063483
3.4723 0.81467 0.063639
3.5723 0.82407 0.063771
3.6723 0.83359 0.06388
3.7723 0.84324 0.063965
3.8723 0.853 0.064025
3.9723 0.8629 0.06406
4.0723 0.87292 0.064069
4.1723 0.88307 0.064053
4.2723 0.89335 0.06401
4.3723 0.90377 0.063941
4.4723 0.91433 0.063845
4.5723 0.92502 0.063724
4.6723 0.93586 0.063576
4.7723 0.94684 0.063403
4.8723 0.95797 0.063204
4.9723 0.96924 0.062981
5.0723 0.98066 0.062735
5.1723 0.99224 0.062466
5.2723 1.004 0.062176
5.3723 1.0159 0.061866
5.4723 1.0279 0.061539
5.5723 1.0401 0.061196
5.6723 1.0525 0.06084
5.7723 1.065 0.060474
5.8723 1.0777 0.060101
5.9723 1.0906 0.059724
6.0723 1.1037 0.059349
6.1723 1.1169 0.058978
6.2723 1.1303 0.058617
6.3723 1.1439 0.058272
6.4723 1.1576 0.057949
6.5723 1.1716 0.057654
6.6723 1.1857 0.057394
6.7723 1.2 0.057177
6.8723 1.2146 0.057012
6.9723 1.2293 0.056906
7.0723 1.2442 0.056869
7.1723 1.2593 0.05691
7.2723 1.2746 0.057039
7.3723 1.2901 0.057265
7.4723 1.3058 0.057597
7.5723 1.3218 0.058046
7.6723 1.3379 0.058619
7.7723 1.3543 0.059326
7.8723 1.3708 0.060173
7.9723 1.3876 0.061169
8.0723 1.4046 0.062319
8.1723 1.4218 0.063628
8.2723 1.4392 0.063741
8.3723 1.4565 0.062105
8.4723 1.4735 0.06054
8.5723 1.4903 0.059044
8.6723 1.5068 0.057618
8.7723 1.5231 0.056259
8.8723 1.5392 0.054965
8.9723 1.5551 0.053737
9.0723 1.5707 0.052572
9.1723 1.5861 0.051468
9.2723 1.6013 0.050425
9.3723 1.6163 0.049441
9.4723 1.6311 0.048513
9.5723 1.6456 0.047641
9.6723 1.66 0.046822
9.7723 1.6741 0.046054
9.8723 1.688 0.045336
9.9723 1.7018 0.044665
10.072 1.7153 0.04404
10.172 1.7286 0.043459
10.272 1.7417 0.042918
10.372 1.7547 0.042417
10.472 1.7674 0.041953
10.572 1.78 0.041525
10.672 1.7923 0.041129
10.772 1.8045 0.040764
10.872 1.8165 0.040428
10.972 1.8283 0.040119
11.072 1.8399 0.039836
11.172 1.8514 0.039575
11.272 1.8626 0.039336
11.372 1.8737 0.039116
11.472 1.8847 0.038914
11.572 1.8954 0.038729
11.672 1.906 0.038559
11.772 1.9164 0.038402
11.872 1.9267 0.038257
11.972 1.9368 0.038123
12.072 1.9467 0.037998
12.172 1.9565 0.037881
12.272 1.9661 0.037772
12.372 1.9756 0.03767
12.472 1.9849 0.037573
12.572 1.9941 0.03748
12.672 2.0031 0.037391
12.772 2.012 0.037305
12.872 2.0207 0.037222
12.972 2.0292 0.03714
13.072 2.0377 0.037059
13.172 2.046 0.03698
13.272 2.0541 0.0369
13.372 2.0621 0.036821
13.472 2.07 0.036741
13.572 2.0778 0.03666
13.672 2.0854 0.036578
13.772 2.0929 0.036495
13.872 2.1002 0.03641
13.972 2.1074 0.036324
14.072 2.1145 0.036235
14.172 2.1215 0.036145
14.272 2.1284 0.036053
14.372 2.1351 0.035958
14.472 2.1417 0.035861
14.572 2.1482 0.035762
14.672 2.1546 0.035661
14.772 2.1608 0.035557
14.872 2.167 0.035451
14.972 2.173 0.035343
15.072 2.179 0.035232
15.172 2.1848 0.03512
15.272 2.1905 0.035005
15.372 2.1961 0.034888
15.472 2.2016 0.034769
15.572 2.207 0.034648
15.672 2.2123 0.034526
15.772 2.2175 0.034402
15.872 2.2226 0.034276
15.972 2.2275 0.034149
16.072 2.2324 0.03402
16.172 2.2372 0.03389
16.272 2.2419 0.033759
16.372 2.2466 0.033627
16.472 2.2511 0.033494
16.572 2.2555 0.033361
16.672 2.2599 0.033227
16.772 2.2641 0.033092
16.872 2.2683 0.032957
16.972 2.2723 0.032821
17.072 2.2763 0.032686
17.172 2.2802 0.032551
17.272 2.2841 0.032415
17.372 2.2878 0.03228
17.472 2.2915 0.032146
17.572 2.2951 0.032012
17.672 2.2986 0.031879
17.772 2.302 0.031746
17.872 2.3054 0.031614
17.972 2.3086 0.031484
18.072 2.3118 0.031354
18.172 2.315 0.031226
18.272 2.318 0.031099
18.372 2.321 0.030973
18.472 2.3239 0.030849
18.572 2.3268 0.030727
18.672 2.3296 0.030606
18.772 2.3323 0.030487
18.872 2.3349 0.03037
18.972 2.3375 0.030255
19.072 2.34 0.030142
19.172 2.3425 0.030032
19.272 2.3449 0.029923
19.372 2.3472 0.029817
19.472 2.3494 0.029713
19.572 2.3517 0.029612
19.672 2.3538 0.029513
19.772 2.3559 0.029416
19.872 2.3579 0.029322
19.972 2.3599 0.029231
