0.073705 0.57815 0.046413
0.17371 0.58494 0.046258
0.27371 0.59187 0.046096
0.37371 0.59896 0.045926
0.47371 0.60618 0.045748
0.57371 0.61355 0.045563
0.67371 0.62107 0.04537
0.77371 0.62873 0.045172
0.87371 0.63653 0.044967
0.97371 0.64448 0.044756
1.0737 0.65257 0.04454
1.1737 0.6608 0.044319
1.2737 0.66917 0.044095
1.3737 0.67769 0.043867
1.4737 0.68635 0.043636
1.5737 0.69515 0.043404
1.6737 0.70409 0.043172
1.7737 0.71318 0.042939
1.8737 0.7224 0.042709
1.9737 0.73176 0.042481
2.0737 0.74127 0.042258
2.1737 0.75091 0.04204
2.2737 0.76069 0.04183
2.3737 0.77061 0.04163
2.4737 0.78067 0.041441
2.5737 0.79087 0.041265
2.6737 0.80121 0.041106
2.7737 0.81168 0.040965
2.8737 0.82229 0.040845
2.9737 0.83303 0.040749
3.0737 0.84391 0.04068
3.1737 0.85493 0.040641
3.2737 0.86608 0.040635
3.3737 0.87737 0.040666
3.4737 0.88879 0.040738
3.5737 0.90034 0.040854
3.6737 0.91203 0.041017
3.7737 0.92384 0.041232
3.8737 0.93579 0.041502
3.9737 0.94788 0.041831
4.0737 0.96009 0.042223
4.1737 0.97243 0.042681
4.2737 0.9849 0.043208
4.3737 0.9975 0.043808
4.4737 1.0102 0.044484
4.5737 1.0231 0.045239
4.6737 1.0361 0.046074
4.7737 1.0492 0.046993
4.8737 1.0624 0.047998
4.9737 1.0758 0.04909
5.0737 1.0893 0.05027
5.1737 1.1029 0.051541
5.2737 1.1166 0.052903
5.3737 1.1305 0.054357
5.4737 1.1444 0.055904
5.5737 1.1585 0.057544
5.6737 1.1728 0.059278
5.7737 1.1871 0.061106
5.8737 1.2016 0.063028
5.9737 1.2161 0.065045
6.0737 1.2308 0.067156
6.1737 1.2456 0.069363
6.2737 1.2605 0.071663
6.3737 1.2756 0.074059
6.4737 1.2907 0.076549
6.5737 1.306 0.079134
6.6737 1.3214 0.081814
6.7737 1.3368 0.084589
6.8737 1.3524 0.083749
6.9737 1.368 0.080293
7.0737 1.3834 0.077039
7.1737 1.3989 0.073994
7.2737 1.4143 0.071164
7.3737 1.4296 0.068558
7.4737 1.4449 0.066182
7.5737 1.4601 0.06404
7.6737 1.4753 0.062137
7.7737 1.4905 0.060473
7.8737 1.5055 0.059048
7.9737 1.5206 0.057859
8.0737 1.5355 0.056899
8.1737 1.5504 0.056161
8.2737 1.5653 0.055633
8.3737 1.58 0.055301
8.4737 1.5948 0.055149
8.5737 1.6094 0.055162
8.6737 1.624 0.05532
8.7737 1.6385 0.055606
8.8737 1.653 0.056001
8.9737 1.6674 0.056489
9.0737 1.6817 0.057051
9.1737 1.6959 0.057673
9.2737 1.7101 0.05834
9.3737 1.7242 0.059037
9.4737 1.7382 0.059754
9.5737 1.7522 0.060478
9.6737 1.766 0.0612
9.7737 1.7798 0.061912
9.8737 1.7935 0.062606
9.9737 1.8072 0.063275
10.074 1.8207 0.063914
10.174 1.8342 0.064518
10.274 1.8476 0.065082
10.374 1.8609 0.065604
10.474 1.8741 0.066081
10.574 1.8872 0.06651
10.674 1.9002 0.066889
10.774 1.9131 0.067219
10.874 1.926 0.067497
10.974 1.9387 0.067724
11.074 1.9513 0.0679
11.174 1.9639 0.068025
11.274 1.9763 0.0681
11.374 1.9887 0.068126
11.474 2.0009 0.068105
11.574 2.013 0.068038
11.674 2.0251 0.067927
11.774 2.037 0.067775
11.874 2.0488 0.067583
11.974 2.0605 0.067355
12.074 2.0721 0.067094
12.174 2.0836 0.066802
12.274 2.095 0.066483
12.374 2.1063 0.06614
12.474 2.1174 0.065777
12.574 2.1284 0.065398
12.674 2.1393 0.065007
12.774 2.1501 0.064608
12.874 2.1608 0.064204
12.974 2.1714 0.063801
13.074 2.1818 0.063403
13.174 2.1921 0.063013
13.274 2.2023 0.062636
13.374 2.2123 0.062276
13.474 2.2222 0.061938
13.574 2.232 0.061625
13.674 2.2417 0.061341
13.774 2.2512 0.061089
13.874 2.2606 0.060874
13.974 2.2699 0.060698
14.074 2.2791 0.060564
14.174 2.2881 0.060474
14.274 2.2969 0.060431
14.374 2.3057 0.060435
14.474 2.3143 0.060488
14.574 2.3227 0.06059
14.674 2.3311 0.060742
14.774 2.3393 0.060943
14.874 2.3473 0.061192
14.974 2.3552 0.061489
15.074 2.363 0.061832
15.174 2.3706 0.062219
15.274 2.3781 0.062648
15.374 2.3855 0.063115
15.474 2.3927 0.063619
15.574 2.3998 0.064157
15.674 2.4067 0.064724
15.774 2.4135 0.065318
15.874 2.4201 0.065936
15.974 2.4267 0.066573
16.074 2.433 0.067227
16.174 2.4392 0.067894
16.274 2.4453 0.06857
16.374 2.4513 0.069252
16.474 2.4571 0.069937
16.574 2.4627 0.070622
16.674 2.4682 0.071303
16.774 2.4736 0.071978
16.874 2.4789 0.072643
16.974 2.4839 0.073297
17.074 2.4889 0.073936
17.174 2.4937 0.074558
17.274 2.4984 0.075161
17.374 2.5029 0.075743
17.474 2.5074 0.076302
17.574 2.5116 0.076836
17.674 2.5158 0.077344
17.774 2.5197 0.077824
17.874 2.5236 0.078275
17.974 2.5273 0.078696
18.074 2.5309 0.079087
18.174 2.5344 0.079445
18.274 2.5377 0.079771
18.374 2.5409 0.080064
18.474 2.544 0.080324
18.574 2.5469 0.08055
18.674 2.5498 0.080743
18.774 2.5525 0.080902
18.874 2.555 0.081028
18.974 2.5575 0.08112
19.074 2.5598 0.081179
19.174 2.562 0.081207
19.274 2.5641 0.081202
19.374 2.566 0.081166
19.474 2.5678 0.0811
19.574 2.5696 0.081004
19.674 2.5712 0.08088
19.774 2.5727 0.080728
19.874 2.574 0.080549
19.974 2.5753 0.080345
