0.041484 0.31494 0.04821
0.14148 0.31911 0.048294
0.24148 0.32336 0.048386
0.34148 0.32767 0.048484
0.44148 0.33207 0.04859
0.54148 0.33653 0.048705
0.64148 0.34107 0.048828
0.74148 0.34568 0.048962
0.84148 0.35037 0.049105
0.94148 0.35513 0.049259
1.0415 0.35996 0.049424
1.1415 0.36486 0.0496
1.2415 0.36983 0.049788
1.3415 0.37488 0.049986
1.4415 0.38 0.050195
1.5415 0.38518 0.050416
1.6415 0.39044 0.050646
1.7415 0.39577 0.050887
1.8415 0.40116 0.051138
1.9415 0.40663 0.051397
2.0415 0.41217 0.051664
2.1415 0.41777 0.051938
2.2415 0.42344 0.052218
2.3415 0.42918 0.052503
2.4415 0.43499 0.052792
2.5415 0.44086 0.053083
2.6415 0.4468 0.053376
2.7415 0.45281 0.053667
2.8415 0.45888 0.053957
2.9415 0.46501 0.054243
3.0415 0.47122 0.054524
3.1415 0.47748 0.054798
3.2415 0.48381 0.055063
3.3415 0.4902 0.055318
3.4415 0.49666 0.05556
3.5415 0.50318 0.055787
3.6415 0.50976 0.055999
3.7415 0.5164 0.056192
3.8415 0.5231 0.056366
3.9415 0.52986 0.056517
4.0415 0.53668 0.056645
4.1415 0.54356 0.056747
4.2415 0.5505 0.056821
4.3415 0.5575 0.056867
4.4415 0.56456 0.056881
4.5415 0.57167 0.056863
4.6415 0.57884 0.05681
4.7415 0.58606 0.056721
4.8415 0.59334 0.056595
4.9415 0.60068 0.05643
5.0415 0.60806 0.056225
5.1415 0.6155 0.055978
5.2415 0.623 0.05569
5.3415 0.63054 0.055359
5.4415 0.63814 0.054984
5.5415 0.64579 0.054566
5.6415 0.65349 0.054103
5.7415 0.66123 0.053597
5.8415 0.66903 0.053048
5.9415 0.67687 0.052456
6.0415 0.68476 0.051824
6.1415 0.6927 0.051152
6.2415 0.70068 0.050444
6.3415 0.70871 0.049703
6.4415 0.71679 0.048933
6.5415 0.7249 0.048138
6.6415 0.73306 0.047324
6.7415 0.74126 0.046499
6.8415 0.7495 0.045671
6.9415 0.75779 0.04485
7.0415 0.76611 0.044048
7.1415 0.77447 0.043277
7.2415 0.78287 0.042554
7.3415 0.79131 0.041895
7.4415 0.79978 0.041319
7.5415 0.80829 0.040849
7.6415 0.81684 0.040505
7.7415 0.82542 0.040312
7.8415 0.83403 0.040293
7.9415 0.84267 0.040469
8.0415 0.85135 0.040862
8.1415 0.86006 0.04149
8.2415 0.86879 0.042367
8.3415 0.87756 0.043502
8.4415 0.88636 0.044901
8.5415 0.89518 0.046567
8.6415 0.90403 0.048496
8.7415 0.91291 0.050685
8.8415 0.92181 0.053125
8.9415 0.93073 0.055808
9.0415 0.93968 0.058724
9.1415 0.94865 0.061864
9.2415 0.95765 0.065218
9.3415 0.96666 0.068776
9.4415 0.9757 0.07253
9.5415 0.98475 0.076471
9.6415 0.99383 0.080592
9.7415 1.0029 0.084886
9.8415 1.012 0.089346
9.9415 1.0212 0.093965
10.041 1.0303 0.090049
10.141 1.0393 0.084485
10.241 1.0483 0.079202
10.341 1.0572 0.074209
10.441 1.066 0.069519
10.541 1.0747 0.065148
10.641 1.0834 0.06111
10.741 1.092 0.057424
10.841 1.1005 0.054107
10.941 1.109 0.051176
11.041 1.1174 0.048647
11.141 1.1257 0.046532
11.241 1.1339 0.044836
11.341 1.142 0.043557
11.441 1.1501 0.042683
11.541 1.158 0.042191
11.641 1.1659 0.04205
11.741 1.1737 0.042224
11.841 1.1815 0.042668
11.941 1.1891 0.04334
12.041 1.1967 0.044198
12.141 1.2042 0.045202
12.241 1.2116 0.046317
12.341 1.2189 0.04751
12.441 1.2261 0.048756
12.541 1.2332 0.050033
12.641 1.2403 0.05132
12.741 1.2473 0.052604
12.841 1.2542 0.053871
12.941 1.261 0.055112
13.041 1.2677 0.056319
13.141 1.2743 0.057486
13.241 1.2809 0.058607
13.341 1.2873 0.05968
13.441 1.2937 0.060701
13.541 1.3 0.06167
13.641 1.3062 0.062585
13.741 1.3123 0.063446
13.841 1.3183 0.064253
13.941 1.3242 0.065006
14.041 1.3301 0.065707
14.141 1.3358 0.066355
14.241 1.3415 0.066954
14.341 1.3471 0.067504
14.441 1.3526 0.068006
14.541 1.358 0.068463
14.641 1.3633 0.068875
14.741 1.3686 0.069246
14.841 1.3737 0.069577
14.941 1.3788 0.06987
15.041 1.3838 0.070126
15.141 1.3887 0.070347
15.241 1.3935 0.070536
15.341 1.3982 0.070695
15.441 1.4029 0.070824
15.541 1.4074 0.070926
15.641 1.4119 0.071002
15.741 1.4163 0.071054
15.841 1.4206 0.071083
15.941 1.4249 0.071092
16.041 1.429 0.071081
16.141 1.4331 0.071051
16.241 1.4371 0.071004
16.341 1.441 0.070941
16.441 1.4448 0.070863
16.541 1.4486 0.070771
16.641 1.4523 0.070667
16.741 1.4559 0.07055
16.841 1.4594 0.070422
16.941 1.4629 0.070283
17.041 1.4662 0.070134
17.141 1.4695 0.069975
17.241 1.4728 0.069808
17.341 1.4759 0.069633
17.441 1.479 0.069449
17.541 1.482 0.069258
17.641 1.4849 0.069059
17.741 1.4878 0.068854
17.841 1.4906 0.068642
17.941 1.4933 0.068423
18.041 1.496 0.068198
18.141 1.4986 0.067966
18.241 1.5011 0.067728
18.341 1.5036 0.067485
18.441 1.506 0.067235
18.541 1.5083 0.06698
18.641 1.5106 0.066719
18.741 1.5128 0.066452
18.841 1.515 0.066179
18.941 1.5171 0.065901
19.041 1.5191 0.065617
19.141 1.5211 0.065328
19.241 1.523 0.065033
19.341 1.5249 0.064732
19.441 1.5267 0.064426
19.541 1.5284 0.064115
19.641 1.5301 0.063799
19.741 1.5317 0.063477
19.841 1.5333 0.063151
19.941 1.5349 0.062819
