0.0051773 0.32191 0.050036
0.10518 0.33163 0.050028
0.20518 0.34137 0.050035
0.30518 0.35113 0.050055
0.40518 0.3609 0.050084
0.50518 0.37067 0.050122
0.60518 0.38043 0.050163
0.70518 0.39019 0.050207
0.80518 0.39993 0.05025
0.90518 0.40964 0.05029
1.0052 0.41933 0.050323
1.1052 0.42899 0.050349
1.2052 0.4386 0.050363
1.3052 0.44817 0.050365
1.4052 0.45769 0.050352
1.5052 0.46716 0.050322
1.6052 0.47657 0.050274
1.7052 0.48592 0.050207
1.8052 0.49519 0.05012
1.9052 0.5044 0.050011
2.0052 0.51354 0.049881
2.1052 0.5226 0.049729
2.2052 0.53157 0.049555
2.3052 0.54047 0.049359
2.4052 0.54928 0.049143
2.5052 0.558 0.048907
2.6052 0.56663 0.048653
2.7052 0.57517 0.048381
2.8052 0.58362 0.048094
2.9052 0.59198 0.047793
3.0052 0.60024 0.047481
3.1052 0.60841 0.047161
3.2052 0.61648 0.046834
3.3052 0.62446 0.046505
3.4052 0.63234 0.046175
3.5052 0.64013 0.045849
3.6052 0.64783 0.045529
3.7052 0.65544 0.045218
3.8052 0.66296 0.044921
3.9052 0.67039 0.044639
4.0052 0.67774 0.044377
4.1052 0.685 0.044137
4.2052 0.69218 0.043922
4.3052 0.69929 0.043735
4.4052 0.70632 0.043576
4.5052 0.71328 0.04345
4.6052 0.72018 0.043355
4.7052 0.72701 0.043294
4.8052 0.73379 0.043266
4.9052 0.74051 0.043271
5.0052 0.74719 0.043309
5.1052 0.75381 0.043377
5.2052 0.7604 0.043475
5.3052 0.76696 0.043599
5.4052 0.77349 0.043747
5.5052 0.78 0.043916
5.6052 0.78649 0.044101
5.7052 0.79297 0.044299
5.8052 0.79945 0.044506
5.9052 0.80593 0.044716
6.0052 0.81241 0.044925
6.1052 0.81892 0.045129
6.2052 0.82545 0.045323
6.3052 0.83201 0.045501
6.4052 0.8386 0.04566
6.5052 0.84524 0.045794
6.6052 0.85193 0.0459
6.7052 0.85868 0.045972
6.8052 0.8655 0.046008
6.9052 0.87239 0.046004
7.0052 0.87936 0.045957
7.1052 0.88643 0.045864
7.2052 0.89359 0.045724
7.3052 0.90085 0.045535
7.4052 0.90823 0.045298
7.5052 0.91573 0.045013
7.6052 0.92335 0.044681
7.7052 0.93112 0.044306
7.8052 0.93902 0.043892
7.9052 0.94708 0.043446
8.0052 0.9553 0.042976
8.1052 0.96369 0.042491
8.2052 0.97226 0.042006
8.3052 0.98101 0.041536
8.4052 0.98995 0.041101
8.5052 0.99909 0.040722
8.6052 1.0084 0.040426
8.7052 1.018 0.040242
8.8052 1.0278 0.040201
8.9052 1.0378 0.040338
9.0052 1.048 0.040686
9.1052 1.0585 0.04128
9.2052 1.0693 0.04215
9.3052 1.0803 0.043325
9.4052 1.0916 0.044826
9.5052 1.1031 0.046669
9.6052 1.115 0.048864
9.7052 1.1271 0.051414
9.8052 1.1392 0.050161
9.9052 1.151 0.048763
10.005 1.1625 0.047433
10.105 1.1737 0.04617
10.205 1.1846 0.044972
10.305 1.1952 0.043835
10.405 1.2055 0.042759
10.505 1.2155 0.041741
10.605 1.2252 0.040779
10.705 1.2347 0.039872
10.805 1.2439 0.039018
10.905 1.2529 0.038214
11.005 1.2615 0.03746
11.105 1.27 0.036752
11.205 1.2782 0.036091
11.305 1.2862 0.035473
11.405 1.2939 0.034898
11.505 1.3014 0.034363
11.605 1.3087 0.033867
11.705 1.3158 0.033409
11.805 1.3226 0.032987
11.905 1.3293 0.032599
12.005 1.3357 0.032243
12.105 1.342 0.031919
12.205 1.3481 0.031624
12.305 1.354 0.031358
12.405 1.3597 0.031118
12.505 1.3652 0.030903
12.605 1.3706 0.030713
12.705 1.3758 0.030545
12.805 1.3808 0.030398
12.905 1.3856 0.030271
13.005 1.3904 0.030162
13.105 1.3949 0.030071
13.205 1.3993 0.029996
13.305 1.4036 0.029937
13.405 1.4077 0.029891
13.505 1.4117 0.029858
13.605 1.4155 0.029837
13.705 1.4193 0.029827
13.805 1.4229 0.029827
13.905 1.4263 0.029836
14.005 1.4297 0.029854
14.105 1.4329 0.029878
14.205 1.436 0.02991
14.305 1.439 0.029948
14.405 1.4419 0.029991
14.505 1.4447 0.030038
14.605 1.4474 0.03009
14.705 1.45 0.030146
14.805 1.4525 0.030204
14.905 1.4549 0.030265
15.005 1.4572 0.030328
15.105 1.4594 0.030392
15.205 1.4615 0.030458
15.305 1.4636 0.030524
15.405 1.4655 0.030591
15.505 1.4674 0.030658
15.605 1.4692 0.030724
15.705 1.4709 0.03079
15.805 1.4726 0.030856
15.905 1.4741 0.03092
16.005 1.4756 0.030983
16.105 1.4771 0.031045
16.205 1.4784 0.031105
16.305 1.4797 0.031163
16.405 1.481 0.031219
16.505 1.4821 0.031273
16.605 1.4832 0.031324
16.705 1.4843 0.031374
16.805 1.4853 0.03142
16.905 1.4862 0.031464
17.005 1.4871 0.031506
17.105 1.488 0.031544
17.205 1.4887 0.03158
17.305 1.4895 0.031613
17.405 1.4902 0.031643
17.505 1.4908 0.031669
17.605 1.4914 0.031693
17.705 1.4919 0.031714
17.805 1.4924 0.031731
17.905 1.4929 0.031746
18.005 1.4933 0.031757
18.105 1.4937 0.031765
18.205 1.4941 0.031771
18.305 1.4944 0.031773
18.405 1.4946 0.031771
18.505 1.4949 0.031767
18.605 1.4951 0.03176
18.705 1.4952 0.03175
18.805 1.4954 0.031736
18.905 1.4955 0.03172
19.005 1.4955 0.031701
19.105 1.4956 0.031679
19.205 1.4956 0.031653
19.305 1.4956 0.031626
19.405 1.4955 0.031595
19.505 1.4954 0.031562
19.605 1.4953 0.031525
19.705 1.4952 0.031487
19.805 1.4951 0.031445
19.905 1.4949 0.031402
