0.06909 0.10694 0.056514
0.16909 0.11253 0.056145
0.26909 0.11825 0.055772
0.36909 0.1241 0.055397
0.46909 0.13007 0.055022
0.56909 0.13616 0.054651
0.66909 0.14238 0.054286
0.76909 0.14873 0.053931
0.86909 0.1552 0.05359
0.96909 0.16179 0.053265
1.0691 0.16851 0.052962
1.1691 0.17535 0.052685
1.2691 0.18232 0.052437
1.3691 0.18941 0.052225
1.4691 0.19662 0.052052
1.5691 0.20397 0.051923
1.6691 0.21143 0.051844
1.7691 0.21902 0.05182
1.8691 0.22674 0.051856
1.9691 0.23458 0.051957
2.0691 0.24254 0.052128
2.1691 0.25063 0.052374
2.2691 0.25884 0.052699
2.3691 0.26718 0.053108
2.4691 0.27564 0.053605
2.5691 0.28423 0.054194
2.6691 0.29294 0.054876
2.7691 0.30178 0.055656
2.8691 0.31074 0.056535
2.9691 0.31982 0.057514
3.0691 0.32903 0.058596
3.1691 0.33837 0.05978
3.2691 0.34783 0.061068
3.3691 0.35741 0.062458
3.4691 0.36712 0.063951
3.5691 0.37695 0.065545
3.6691 0.38691 0.067241
3.7691 0.39699 0.069036
3.8691 0.40719 0.070929
3.9691 0.41752 0.072918
4.0691 0.42798 0.075003
4.1691 0.43856 0.077181
4.2691 0.44926 0.079451
4.3691 0.46009 0.08181
4.4691 0.47104 0.084258
4.5691 0.48211 0.086793
4.6691 0.49331 0.089413
4.7691 0.50464 0.092116
4.8691 0.51608 0.094901
4.9691 0.52765 0.095981
5.0691 0.53924 0.093858
5.1691 0.55083 0.091774
5.2691 0.56242 0.089731
5.3691 0.574 0.087733
5.4691 0.58559 0.085781
5.5691 0.59717 0.083879
5.6691 0.60876 0.08203
5.7691 0.62034 0.080236
5.8691 0.63193 0.078502
5.9691 0.64351 0.076829
6.0691 0.65509 0.075223
6.1691 0.66667 0.073685
6.2691 0.67824 0.07222
6.3691 0.68982 0.070831
6.4691 0.70139 0.069522
6.5691 0.71296 0.068296
6.6691 0.72453 0.067156
6.7691 0.7361 0.066106
6.8691 0.74767 0.065147
6.9691 0.75923 0.064284
7.0691 0.77079 0.063517
7.1691 0.78235 0.062849
7.2691 0.79391 0.06228
7.3691 0.80546 0.06181
7.4691 0.81701 0.061441
7.5691 0.82855 0.061171
7.6691 0.8401 0.060998
7.7691 0.85163 0.060921
7.8691 0.86317 0.060937
7.9691 0.8747 0.061042
8.0691 0.88622 0.061233
8.1691 0.89774 0.061505
8.2691 0.90925 0.061853
8.3691 0.92076 0.062273
8.4691 0.93226 0.062758
8.5691 0.94375 0.063302
8.6691 0.95524 0.0639
8.7691 0.96672 0.064546
8.8691 0.97818 0.065233
8.9691 0.98964 0.065955
9.0691 1.0011 0.066705
9.1691 1.0125 0.067478
9.2691 1.024 0.068268
9.3691 1.0354 0.069068
9.4691 1.0468 0.069872
9.5691 1.0582 0.070675
9.6691 1.0696 0.07147
9.7691 1.0809 0.072253
9.8691 1.0923 0.073018
9.9691 1.1036 0.07376
10.069 1.1149 0.074472
10.169 1.1262 0.075152
10.269 1.1375 0.075793
10.369 1.1487 0.076391
10.469 1.1599 0.076941
10.569 1.1711 0.07744
10.669 1.1823 0.077883
10.769 1.1934 0.078267
10.869 1.2045 0.078587
10.969 1.2156 0.078841
11.069 1.2266 0.079026
11.169 1.2376 0.079139
11.269 1.2486 0.079178
11.369 1.2595 0.079141
11.469 1.2704 0.079027
11.569 1.2812 0.078836
11.669 1.292 0.078567
11.769 1.3027 0.078221
11.869 1.3134 0.0778
11.969 1.324 0.077306
12.069 1.3345 0.076742
12.169 1.345 0.076114
12.269 1.3554 0.075426
12.369 1.3657 0.074685
12.469 1.3759 0.0739
12.569 1.3861 0.073081
12.669 1.3961 0.072237
12.769 1.4061 0.071383
12.869 1.416 0.070531
12.969 1.4258 0.069697
13.069 1.4354 0.068897
13.169 1.445 0.06815
13.269 1.4544 0.067472
13.369 1.4637 0.066881
13.469 1.4728 0.066395
13.569 1.4819 0.066031
13.669 1.4908 0.065803
13.769 1.4995 0.065723
13.869 1.5081 0.065799
13.969 1.5165 0.066037
14.069 1.5248 0.066438
14.169 1.5329 0.066998
14.269 1.5408 0.067709
14.369 1.5485 0.06856
14.469 1.5561 0.069535
14.569 1.5634 0.070616
14.669 1.5706 0.071782
14.769 1.5776 0.07301
14.869 1.5844 0.074278
14.969 1.5909 0.075562
15.069 1.5973 0.076837
15.169 1.6034 0.078083
15.269 1.6094 0.079277
15.369 1.6151 0.080399
15.469 1.6206 0.081431
15.569 1.6259 0.082357
15.669 1.631 0.083164
15.769 1.6358 0.083838
15.869 1.6405 0.084372
15.969 1.6449 0.084757
16.069 1.6492 0.084989
16.169 1.6532 0.085065
16.269 1.657 0.084983
16.369 1.6606 0.084746
16.469 1.664 0.084357
16.569 1.6673 0.083819
16.669 1.6703 0.08314
16.769 1.6732 0.082326
16.869 1.6758 0.081387
16.969 1.6783 0.080331
17.069 1.6806 0.079171
17.169 1.6828 0.077916
17.269 1.6848 0.076578
17.369 1.6866 0.075169
17.469 1.6883 0.073702
17.569 1.6899 0.072187
17.669 1.6913 0.070637
17.769 1.6926 0.069064
17.869 1.6938 0.067478
17.969 1.6948 0.065891
18.069 1.6957 0.064313
18.169 1.6965 0.062753
18.269 1.6973 0.061222
18.369 1.6979 0.059727
18.469 1.6984 0.058275
18.569 1.6988 0.056875
18.669 1.6992 0.055531
18.769 1.6994 0.054249
18.869 1.6996 0.053034
18.969 1.6997 0.051888
19.069 1.6998 0.050815
19.169 1.6997 0.049815
19.269 1.6997 0.048891
19.369 1.6995 0.048041
19.469 1.6993 0.047266
19.569 1.6991 0.046564
19.669 1.6988 0.045932
19.769 1.6984 0.045368
19.869 1.6981 0.04487
19.969 1.6976 0.044434
