0.073705 0.46507 0.060285
0.17371 0.46965 0.060855
0.27371 0.47438 0.061408
0.37371 0.47928 0.061943
0.47371 0.48433 0.06246
0.57371 0.48955 0.062956
0.67371 0.49493 0.063432
0.77371 0.50047 0.063885
0.87371 0.50618 0.064315
0.97371 0.51205 0.064721
1.0737 0.5181 0.065102
1.1737 0.52431 0.065458
1.2737 0.5307 0.065786
1.3737 0.53726 0.066087
1.4737 0.54399 0.066359
1.5737 0.5509 0.066602
1.6737 0.55798 0.066816
1.7737 0.56524 0.066998
1.8737 0.57268 0.06715
1.9737 0.5803 0.067269
2.0737 0.5881 0.067356
2.1737 0.59609 0.067411
2.2737 0.60426 0.067431
2.3737 0.61261 0.067418
2.4737 0.62115 0.06737
2.5737 0.62988 0.067288
2.6737 0.6388 0.067171
2.7737 0.64791 0.067018
2.8737 0.65722 0.06683
2.9737 0.66671 0.066607
3.0737 0.6764 0.066348
3.1737 0.68629 0.066054
3.2737 0.69637 0.065724
3.3737 0.70666 0.065359
3.4737 0.71714 0.06496
3.5737 0.72782 0.064526
3.6737 0.73871 0.064058
3.7737 0.7498 0.063556
3.8737 0.76109 0.063023
3.9737 0.77259 0.062457
4.0737 0.7843 0.061862
4.1737 0.79621 0.061237
4.2737 0.80834 0.060584
4.3737 0.82068 0.059906
4.4737 0.83323 0.059204
4.5737 0.84599 0.05848
4.6737 0.85897 0.057737
4.7737 0.87216 0.056977
4.8737 0.88557 0.056205
4.9737 0.8992 0.055423
5.0737 0.91305 0.054636
5.1737 0.92712 0.053849
5.2737 0.94141 0.053067
5.3737 0.95592 0.052294
5.4737 0.97066 0.051539
5.5737 0.98563 0.050808
5.6737 1.0008 0.050108
5.7737 1.0162 0.049448
5.8737 1.0319 0.048837
5.9737 1.0478 0.048285
6.0737 1.0639 0.047802
6.1737 1.0802 0.047399
6.2737 1.0968 0.047087
6.3737 1.1136 0.046878
6.4737 1.1306 0.046782
6.5737 1.1478 0.046441
6.6737 1.1649 0.046021
6.7737 1.1817 0.045679
6.8737 1.1984 0.04541
6.9737 1.2148 0.045211
7.0737 1.2311 0.045081
7.1737 1.2473 0.045016
7.2737 1.2632 0.045011
7.3737 1.279 0.045063
7.4737 1.2946 0.045169
7.5737 1.31 0.045325
7.6737 1.3253 0.045527
7.7737 1.3404 0.045771
7.8737 1.3553 0.046054
7.9737 1.3701 0.046371
8.0737 1.3847 0.04672
8.1737 1.3991 0.047098
8.2737 1.4133 0.0475
8.3737 1.4274 0.047924
8.4737 1.4414 0.048368
8.5737 1.4552 0.048827
8.6737 1.4688 0.049301
8.7737 1.4822 0.049787
8.8737 1.4955 0.050282
8.9737 1.5086 0.050784
9.0737 1.5216 0.051292
9.1737 1.5345 0.051803
9.2737 1.5471 0.052317
9.3737 1.5596 0.052832
9.4737 1.572 0.053346
9.5737 1.5842 0.053858
9.6737 1.5963 0.054368
9.7737 1.6082 0.054873
9.8737 1.62 0.055373
9.9737 1.6316 0.055868
10.074 1.6431 0.056356
10.174 1.6544 0.056837
10.274 1.6656 0.05731
10.374 1.6766 0.057775
10.474 1.6875 0.058231
10.574 1.6983 0.058678
10.674 1.7089 0.059115
10.774 1.7194 0.059542
10.874 1.7297 0.059958
10.974 1.7399 0.060364
11.074 1.75 0.060759
11.174 1.7599 0.061143
11.274 1.7697 0.061516
11.374 1.7794 0.061878
11.474 1.7889 0.062228
11.574 1.7983 0.062566
11.674 1.8076 0.062893
11.774 1.8167 0.063208
11.874 1.8257 0.063512
11.974 1.8346 0.063804
12.074 1.8433 0.064084
12.174 1.8519 0.064353
12.274 1.8604 0.06461
12.374 1.8688 0.064856
12.474 1.877 0.06509
12.574 1.8852 0.065313
12.674 1.8931 0.065524
12.774 1.901 0.065724
12.874 1.9088 0.065914
12.974 1.9164 0.066092
13.074 1.9239 0.06626
13.174 1.9313 0.066416
13.274 1.9386 0.066563
13.374 1.9458 0.066698
13.474 1.9528 0.066824
13.574 1.9597 0.066939
13.674 1.9666 0.067045
13.774 1.9733 0.067141
13.874 1.9798 0.067227
13.974 1.9863 0.067303
14.074 1.9927 0.06737
14.174 1.9989 0.067428
14.274 2.0051 0.067478
14.374 2.0111 0.067518
14.474 2.0171 0.06755
14.574 2.0229 0.067573
14.674 2.0286 0.067588
14.774 2.0342 0.067595
14.874 2.0397 0.067595
14.974 2.0451 0.067586
15.074 2.0504 0.06757
15.174 2.0556 0.067547
15.274 2.0607 0.067517
15.374 2.0657 0.067479
15.474 2.0706 0.067435
15.574 2.0753 0.067385
15.674 2.08 0.067328
15.774 2.0846 0.067264
15.874 2.0891 0.067195
15.974 2.0935 0.06712
16.074 2.0978 0.06704
16.174 2.102 0.066953
16.274 2.1061 0.066862
16.374 2.1101 0.066765
16.474 2.114 0.066664
16.574 2.1179 0.066558
16.674 2.1216 0.066447
16.774 2.1252 0.066332
16.874 2.1288 0.066213
16.974 2.1322 0.066089
17.074 2.1356 0.065962
17.174 2.1389 0.065831
17.274 2.1421 0.065697
17.374 2.1452 0.065559
17.474 2.1482 0.065418
17.574 2.1511 0.065274
17.674 2.154 0.065127
17.774 2.1567 0.064977
17.874 2.1594 0.064825
17.974 2.162 0.06467
18.074 2.1645 0.064513
18.174 2.1669 0.064354
18.274 2.1692 0.064193
18.374 2.1715 0.06403
18.474 2.1737 0.063865
18.574 2.1758 0.063699
18.674 2.1778 0.063531
18.774 2.1797 0.063362
18.874 2.1816 0.063192
18.974 2.1833 0.063021
19.074 2.185 0.062849
19.174 2.1867 0.062676
19.274 2.1882 0.062503
19.374 2.1897 0.062328
19.474 2.1911 0.062154
19.574 2.1924 0.061979
19.674 2.1936 0.061804
19.774 2.1948 0.061628
19.874 2.1959 0.061453
19.974 2.1969 0.061278
