0.072276 0.46924 0.039137
0.17228 0.47517 0.039403
0.27228 0.48118 0.039674
0.37228 0.48726 0.039952
0.47228 0.49341 0.040235
0.57228 0.49965 0.040522
0.67228 0.50596 0.040812
0.77228 0.51236 0.041105
0.87228 0.51884 0.0414
0.97228 0.5254 0.041695
1.0723 0.53205 0.041991
1.1723 0.53879 0.042287
1.2723 0.54562 0.042581
1.3723 0.55254 0.042872
1.4723 0.55955 0.043161
1.5723 0.56666 0.043445
1.6723 0.57386 0.043725
1.7723 0.58116 0.043999
1.8723 0.58857 0.044266
1.9723 0.59607 0.044526
2.0723 0.60368 0.044777
2.1723 0.6114 0.04502
2.2723 0.61922 0.045253
2.3723 0.62716 0.045475
2.4723 0.63521 0.045686
2.5723 0.64337 0.045885
2.6723 0.65165 0.046071
2.7723 0.66005 0.046244
2.8723 0.66857 0.046403
2.9723 0.67722 0.046547
3.0723 0.68599 0.046676
3.1723 0.69489 0.046789
3.2723 0.70392 0.046885
3.3723 0.71308 0.046965
3.4723 0.72237 0.047028
3.5723 0.7318 0.047074
3.6723 0.74138 0.047102
3.7723 0.75109 0.047112
3.8723 0.76095 0.047104
3.9723 0.77095 0.047078
4.0723 0.78111 0.047034
4.1723 0.79141 0.046972
4.2723 0.80187 0.046893
4.3723 0.81248 0.046796
4.4723 0.82326 0.046683
4.5723 0.83419 0.046554
4.6723 0.84529 0.04641
4.7723 0.85655 0.046251
4.8723 0.86798 0.046079
4.9723 0.87959 0.045896
5.0723 0.89136 0.045702
5.1723 0.90332 0.0455
5.2723 0.91545 0.045291
5.3723 0.92776 0.045079
5.4723 0.94025 0.044864
5.5723 0.95293 0.044652
5.6723 0.9658 0.044444
5.7723 0.97886 0.044244
5.8723 0.99212 0.044056
5.9723 1.0056 0.043885
6.0723 1.0192 0.043735
6.1723 1.0331 0.043611
6.2723 1.0471 0.043518
6.3723 1.0614 0.043462
6.4723 1.0758 0.04345
6.5723 1.0905 0.043487
6.6723 1.1054 0.04358
6.7723 1.1205 0.043735
6.8723 1.1359 0.043959
6.9723 1.1514 0.04426
7.0723 1.1672 0.044642
7.1723 1.1832 0.045113
7.2723 1.1994 0.045679
7.3723 1.2159 0.046344
7.4723 1.2325 0.047115
7.5723 1.2495 0.047995
7.6723 1.2664 0.046782
7.7723 1.2831 0.045539
7.8723 1.2996 0.044351
7.9723 1.3158 0.043219
8.0723 1.3318 0.042141
8.1723 1.3475 0.041116
8.2723 1.3631 0.040144
8.3723 1.3784 0.039222
8.4723 1.3934 0.038351
8.5723 1.4083 0.037529
8.6723 1.4229 0.036754
8.7723 1.4373 0.036026
8.8723 1.4515 0.035343
8.9723 1.4655 0.034703
9.0723 1.4793 0.034104
9.1723 1.4928 0.033547
9.2723 1.5062 0.033028
9.3723 1.5193 0.032546
9.4723 1.5323 0.0321
9.5723 1.545 0.031687
9.6723 1.5576 0.031306
9.7723 1.5699 0.030956
9.8723 1.5821 0.030634
9.9723 1.5941 0.030338
10.072 1.6058 0.030068
10.172 1.6174 0.029821
10.272 1.6289 0.029596
10.372 1.6401 0.02939
10.472 1.6511 0.029204
10.572 1.662 0.029034
10.672 1.6727 0.02888
10.772 1.6832 0.02874
10.872 1.6935 0.028612
10.972 1.7037 0.028496
11.072 1.7137 0.028391
11.172 1.7236 0.028294
11.272 1.7332 0.028206
11.372 1.7427 0.028125
11.472 1.7521 0.02805
11.572 1.7613 0.02798
11.672 1.7703 0.027914
11.772 1.7792 0.027853
11.872 1.7879 0.027794
11.972 1.7965 0.027738
12.072 1.805 0.027684
12.172 1.8132 0.027631
12.272 1.8214 0.027579
12.372 1.8294 0.027527
12.472 1.8372 0.027476
12.572 1.8449 0.027423
12.672 1.8525 0.027371
12.772 1.8599 0.027317
12.872 1.8672 0.027262
12.972 1.8744 0.027206
13.072 1.8814 0.027149
13.172 1.8884 0.027089
13.272 1.8951 0.027028
13.372 1.9018 0.026965
13.472 1.9083 0.0269
13.572 1.9147 0.026833
13.672 1.921 0.026763
13.772 1.9272 0.026692
13.872 1.9332 0.026618
13.972 1.9391 0.026543
14.072 1.9449 0.026465
14.172 1.9506 0.026385
14.272 1.9562 0.026303
14.372 1.9617 0.026219
14.472 1.9671 0.026133
14.572 1.9723 0.026045
14.672 1.9775 0.025955
14.772 1.9825 0.025863
14.872 1.9874 0.02577
14.972 1.9923 0.025676
15.072 1.997 0.025579
15.172 2.0016 0.025482
15.272 2.0062 0.025383
15.372 2.0106 0.025283
15.472 2.0149 0.025182
15.572 2.0192 0.02508
15.672 2.0233 0.024977
15.772 2.0274 0.024874
15.872 2.0314 0.02477
15.972 2.0353 0.024665
16.072 2.039 0.02456
16.172 2.0428 0.024455
16.272 2.0464 0.02435
16.372 2.0499 0.024245
16.472 2.0534 0.024139
16.572 2.0567 0.024034
16.672 2.06 0.02393
16.772 2.0632 0.023826
16.872 2.0663 0.023722
16.972 2.0694 0.023619
17.072 2.0723 0.023517
17.172 2.0752 0.023415
17.272 2.0781 0.023315
17.372 2.0808 0.023216
17.472 2.0835 0.023117
17.572 2.0861 0.023021
17.672 2.0886 0.022925
17.772 2.091 0.022831
17.872 2.0934 0.022738
17.972 2.0958 0.022647
18.072 2.098 0.022558
18.172 2.1002 0.02247
18.272 2.1023 0.022385
18.372 2.1044 0.022301
18.472 2.1064 0.022219
18.572 2.1083 0.022139
18.672 2.1102 0.022061
18.772 2.112 0.021985
18.872 2.1137 0.021912
18.972 2.1154 0.02184
19.072 2.117 0.021771
19.172 2.1186 0.021705
19.272 2.1201 0.02164
19.372 2.1216 0.021578
19.472 2.123 0.021518
19.572 2.1243 0.021461
19.672 2.1256 0.021406
19.772 2.1269 0.021354
19.872 2.1281 0.021304
19.972 2.1292 0.021256
