0.067371 0.5447 0.15953
0.16737 0.55168 0.1584
0.26737 0.55866 0.15729
0.36737 0.56564 0.15617
0.46737 0.57261 0.15505
0.56737 0.57959 0.15394
0.66737 0.58657 0.15283
0.76737 0.59354 0.15173
0.86737 0.60052 0.15062
0.96737 0.6075 0.14952
1.0674 0.61447 0.14842
1.1674 0.62145 0.14732
1.2674 0.62843 0.14622
1.3674 0.6354 0.14513
1.4674 0.64238 0.14404
1.5674 0.64936 0.14295
1.6674 0.65633 0.14187
1.7674 0.66331 0.14079
1.8674 0.67029 0.13971
1.9674 0.67727 0.13863
2.0674 0.68424 0.13756
2.1674 0.69122 0.13649
2.2674 0.6982 0.13543
2.3674 0.70517 0.13436
2.4674 0.71215 0.13331
2.5674 0.71913 0.13225
2.6674 0.7261 0.1312
2.7674 0.73308 0.13015
2.8674 0.74006 0.1291
2.9674 0.74703 0.12806
3.0674 0.75401 0.12703
3.1674 0.76099 0.12599
3.2674 0.76796 0.12497
3.3674 0.77494 0.12394
3.4674 0.78192 0.12292
3.5674 0.7889 0.1219
3.6674 0.79587 0.12089
3.7674 0.80285 0.11989
3.8674 0.80983 0.11889
3.9674 0.8168 0.11789
4.0674 0.82378 0.1169
4.1674 0.83076 0.11591
4.2674 0.83773 0.11493
4.3674 0.84471 0.11395
4.4674 0.85169 0.11298
4.5674 0.85866 0.11202
4.6674 0.86564 0.11106
4.7674 0.87262 0.11011
4.8674 0.87959 0.10916
4.9674 0.88657 0.10822
5.0674 0.89355 0.10729
5.1674 0.90053 0.10636
5.2674 0.9075 0.10544
5.3674 0.91448 0.10453
5.4674 0.92146 0.10362
5.5674 0.92843 0.10273
5.6674 0.93541 0.10184
5.7674 0.94239 0.10095
5.8674 0.94936 0.10008
5.9674 0.95634 0.099212
6.0674 0.96332 0.098354
6.1674 0.97029 0.097505
6.2674 0.97727 0.096664
6.3674 0.98425 0.095833
6.4674 0.99122 0.095012
6.5674 0.9982 0.0942
6.6674 1.0052 0.093397
6.7674 1.0122 0.092605
6.8674 1.0191 0.091824
6.9674 1.0261 0.091053
7.0674 1.0331 0.090293
7.1674 1.0401 0.089544
7.2674 1.047 0.088807
7.3674 1.054 0.088082
7.4674 1.061 0.087368
7.5674 1.068 0.086667
7.6674 1.0749 0.085979
7.7674 1.0819 0.085304
7.8674 1.0889 0.084642
7.9674 1.0959 0.083994
8.0674 1.1029 0.08336
8.1674 1.1098 0.08274
8.2674 1.1168 0.082134
8.3674 1.1238 0.081544
8.4674 1.1308 0.080969
8.5674 1.1377 0.080409
8.6674 1.1447 0.079865
8.7674 1.1517 0.079338
8.8674 1.1587 0.078827
8.9674 1.1656 0.078333
9.0674 1.1726 0.077856
9.1674 1.1796 0.077397
9.2674 1.1866 0.076955
9.3674 1.1936 0.076532
9.4674 1.2005 0.076127
9.5674 1.2075 0.075741
9.6674 1.2145 0.075374
9.7674 1.2215 0.075026
9.8674 1.2284 0.074698
9.9674 1.2354 0.07439
10.067 1.2424 0.074101
10.167 1.2494 0.073833
10.267 1.2563 0.073586
10.367 1.2633 0.073359
10.467 1.2703 0.073154
10.567 1.2773 0.072969
10.667 1.2843 0.072806
10.767 1.2912 0.072664
10.867 1.2982 0.072544
10.967 1.3052 0.072445
11.067 1.3122 0.072368
11.167 1.3191 0.072313
11.267 1.3261 0.07228
11.367 1.3331 0.072269
11.467 1.3401 0.072279
11.567 1.347 0.072312
11.667 1.354 0.072366
11.767 1.361 0.072442
11.867 1.368 0.07254
11.967 1.375 0.07266
12.067 1.3819 0.072801
12.167 1.3889 0.072964
12.267 1.3959 0.073148
12.367 1.4029 0.073353
12.467 1.4098 0.073579
12.567 1.4168 0.073825
12.667 1.4238 0.074093
12.767 1.4308 0.07438
12.867 1.4377 0.074688
12.967 1.4447 0.075016
13.067 1.4517 0.075363
13.167 1.4587 0.075729
13.267 1.4657 0.076115
13.367 1.4726 0.076519
13.467 1.4796 0.076942
13.567 1.4866 0.077383
13.667 1.4936 0.077842
13.767 1.5005 0.078318
13.867 1.5075 0.078811
13.967 1.5145 0.079322
14.067 1.5215 0.079849
14.167 1.5284 0.080392
14.267 1.5354 0.080951
14.367 1.5424 0.081526
14.467 1.5494 0.082116
14.567 1.5564 0.082721
14.667 1.5633 0.08334
14.767 1.5703 0.083974
14.867 1.5773 0.084622
14.967 1.5843 0.085283
15.067 1.5912 0.085958
15.167 1.5982 0.086646
15.267 1.6052 0.087347
15.367 1.6122 0.088059
15.467 1.6191 0.088784
15.567 1.6261 0.089521
15.667 1.6331 0.09027
15.767 1.6401 0.091029
15.867 1.6471 0.0918
15.967 1.654 0.092581
16.067 1.661 0.093373
16.167 1.668 0.094175
16.267 1.675 0.094987
16.367 1.6819 0.095808
16.467 1.6889 0.096639
16.567 1.6959 0.097479
16.667 1.7029 0.098328
16.767 1.7098 0.099185
16.867 1.7168 0.10005
16.967 1.7238 0.10093
17.067 1.7308 0.10181
17.167 1.7378 0.1027
17.267 1.7447 0.1036
17.367 1.7517 0.1045
17.467 1.7587 0.10541
17.567 1.7657 0.10633
17.667 1.7726 0.10726
17.767 1.7796 0.10819
17.867 1.7866 0.10913
17.967 1.7936 0.11008
18.067 1.8005 0.11103
18.167 1.8075 0.11199
18.267 1.8145 0.11295
18.367 1.8215 0.11392
18.467 1.8285 0.1149
18.567 1.8354 0.11588
18.667 1.8424 0.11687
18.767 1.8494 0.11786
18.867 1.8564 0.11885
18.967 1.8633 0.11986
19.067 1.8703 0.12086
19.167 1.8773 0.12187
19.267 1.8843 0.12289
19.367 1.8912 0.12391
19.467 1.8982 0.12493
19.567 1.9052 0.12596
19.667 1.9122 0.12699
19.767 1.9191 0.12803
19.867 1.9261 0.12907
19.967 1.9331 0.13012
