0.0051773 0.54973 0.025065
0.10518 0.55571 0.024873
0.20518 0.5617 0.024684
0.30518 0.56769 0.0245
0.40518 0.57368 0.024319
0.50518 0.57966 0.024142
0.60518 0.58565 0.023969
0.70518 0.59164 0.0238
0.80518 0.59762 0.023636
0.90518 0.60361 0.023475
1.0052 0.6096 0.02332
1.1052 0.61558 0.023168
1.2052 0.62157 0.023022
1.3052 0.62756 0.022879
1.4052 0.63354 0.022742
1.5052 0.63953 0.02261
1.6052 0.64552 0.022482
1.7052 0.6515 0.02236
1.8052 0.65749 0.022242
1.9052 0.66348 0.02213
2.0052 0.66946 0.022023
2.1052 0.67545 0.021921
2.2052 0.68144 0.021825
2.3052 0.68742 0.021735
2.4052 0.69341 0.021649
2.5052 0.6994 0.02157
2.6052 0.70539 0.021496
2.7052 0.71137 0.021428
2.8052 0.71736 0.021365
2.9052 0.72335 0.021309
3.0052 0.72933 0.021258
3.1052 0.73532 0.021214
3.2052 0.74131 0.021175
3.3052 0.74729 0.021142
3.4052 0.75328 0.021116
3.5052 0.75927 0.021095
3.6052 0.76525 0.02108
3.7052 0.77124 0.021072
3.8052 0.77723 0.021069
3.9052 0.78321 0.021073
4.0052 0.7892 0.021083
4.1052 0.79519 0.021099
4.2052 0.80117 0.021121
4.3052 0.80716 0.021149
4.4052 0.81315 0.021183
4.5052 0.81913 0.021223
4.6052 0.82512 0.021269
4.7052 0.83111 0.021321
4.8052 0.8371 0.021379
4.9052 0.84308 0.021442
5.0052 0.84907 0.021512
5.1052 0.85506 0.021587
5.2052 0.86104 0.021668
5.3052 0.86703 0.021754
5.4052 0.87302 0.021846
5.5052 0.879 0.021943
5.6052 0.88499 0.022046
5.7052 0.89098 0.022154
5.8052 0.89696 0.022268
5.9052 0.90295 0.022386
6.0052 0.90894 0.02251
6.1052 0.91492 0.022639
6.2052 0.92091 0.022772
6.3052 0.9269 0.02291
6.4052 0.93288 0.023054
6.5052 0.93887 0.023201
6.6052 0.94486 0.023354
6.7052 0.95085 0.02351
6.8052 0.95683 0.023672
6.9052 0.96282 0.023837
7.0052 0.96881 0.024007
7.1052 0.97479 0.02418
7.2052 0.98078 0.024358
7.3052 0.98677 0.02454
7.4052 0.99275 0.024726
7.5052 0.99874 0.024915
7.6052 1.0047 0.025108
7.7052 1.0107 0.025305
7.8052 1.0167 0.025505
7.9052 1.0227 0.025709
8.0052 1.0287 0.025916
8.1052 1.0347 0.026126
8.2052 1.0406 0.026339
8.3052 1.0466 0.026556
8.4052 1.0526 0.026776
8.5052 1.0586 0.026998
8.6052 1.0646 0.027224
8.7052 1.0706 0.027452
8.8052 1.0766 0.027683
8.9052 1.0826 0.027917
9.0052 1.0885 0.028153
9.1052 1.0945 0.028392
9.2052 1.1005 0.028633
9.3052 1.1065 0.028877
9.4052 1.1125 0.029122
9.5052 1.1185 0.029371
9.6052 1.1245 0.029621
9.7052 1.1304 0.029873
9.8052 1.1364 0.030128
9.9052 1.1424 0.030384
10.005 1.1484 0.030642
10.105 1.1544 0.030901
10.205 1.1604 0.031163
10.305 1.1664 0.031425
10.405 1.1724 0.031689
10.505 1.1783 0.031953
10.605 1.1843 0.032218
10.705 1.1903 0.032484
10.805 1.1963 0.03275
10.905 1.2023 0.033015
11.005 1.2083 0.033279
11.105 1.2143 0.033541
11.205 1.2202 0.033801
11.305 1.2262 0.034057
11.405 1.2322 0.034309
11.505 1.2382 0.034554
11.605 1.2442 0.034791
11.705 1.2502 0.035017
11.805 1.2561 0.035231
11.905 1.2621 0.035429
12.005 1.2681 0.035607
12.105 1.2741 0.035762
12.205 1.28 0.03589
12.305 1.286 0.035987
12.405 1.292 0.036049
12.505 1.2979 0.036073
12.605 1.3038 0.036061
12.705 1.3098 0.036016
12.805 1.3157 0.03595
12.905 1.3215 0.035888
13.005 1.3274 0.035869
13.105 1.3332 0.035954
13.205 1.3389 0.036235
13.305 1.3446 0.036831
13.405 1.3502 0.03788
13.505 1.3557 0.039527
13.605 1.3611 0.041882
13.705 1.3664 0.044983
13.805 1.3714 0.048769
13.905 1.3762 0.053058
14.005 1.3808 0.057562
14.105 1.385 0.061907
14.205 1.3889 0.065678
14.305 1.3924 0.068476
14.405 1.3955 0.069985
14.505 1.3982 0.070027
14.605 1.4005 0.068597
14.705 1.4024 0.065866
14.805 1.4039 0.062151
14.905 1.405 0.057853
15.005 1.4059 0.053398
15.105 1.4064 0.049174
15.205 1.4068 0.045481
15.305 1.4069 0.042507
15.405 1.4069 0.040313
15.505 1.4067 0.03885
15.605 1.4065 0.037996
15.705 1.4062 0.037596
15.805 1.4058 0.037503
15.905 1.4053 0.037591
16.005 1.4048 0.037771
16.105 1.4043 0.037979
16.205 1.4037 0.038177
16.305 1.4032 0.038343
16.405 1.4026 0.038467
16.505 1.402 0.038545
16.605 1.4014 0.03858
16.705 1.4008 0.038573
16.805 1.4001 0.038531
16.905 1.3995 0.038458
17.005 1.3989 0.038357
17.105 1.3983 0.038235
17.205 1.3976 0.038095
17.305 1.397 0.037939
17.405 1.3963 0.037772
17.505 1.3957 0.037595
17.605 1.3951 0.03741
17.705 1.3944 0.037219
17.805 1.3938 0.037024
17.905 1.3932 0.036824
18.005 1.3925 0.036623
18.105 1.3919 0.036419
18.205 1.3912 0.036214
18.305 1.3906 0.036008
18.405 1.39 0.035801
18.505 1.3893 0.035594
18.605 1.3887 0.035387
18.705 1.388 0.035181
18.805 1.3874 0.034975
18.905 1.3868 0.034769
19.005 1.3861 0.034565
19.105 1.3855 0.034361
19.205 1.3849 0.034158
19.305 1.3842 0.033955
19.405 1.3836 0.033754
19.505 1.3829 0.033554
19.605 1.3823 0.033355
19.705 1.3817 0.033157
19.805 1.381 0.032961
19.905 1.3804 0.032765
