0.041484 0.5557 0.027082
0.14148 0.56084 0.026914
0.24148 0.56597 0.026751
0.34148 0.5711 0.026593
0.44148 0.57623 0.026441
0.54148 0.58136 0.026294
0.64148 0.58649 0.026153
0.74148 0.59162 0.026018
0.84148 0.59675 0.025889
0.94148 0.60189 0.025765
1.0415 0.60702 0.025648
1.1415 0.61215 0.025536
1.2415 0.61728 0.02543
1.3415 0.62241 0.025331
1.4415 0.62754 0.025237
1.5415 0.63267 0.02515
1.6415 0.6378 0.025068
1.7415 0.64293 0.024993
1.8415 0.64806 0.024924
1.9415 0.65319 0.024862
2.0415 0.65832 0.024805
2.1415 0.66345 0.024755
2.2415 0.66858 0.024711
2.3415 0.67371 0.024673
2.4415 0.67883 0.024642
2.5415 0.68396 0.024616
2.6415 0.68909 0.024597
2.7415 0.69422 0.024583
2.8415 0.69935 0.024576
2.9415 0.70447 0.024574
3.0415 0.7096 0.024579
3.1415 0.71473 0.024589
3.2415 0.71986 0.024605
3.3415 0.72498 0.024627
3.4415 0.73011 0.024654
3.5415 0.73523 0.024686
3.6415 0.74036 0.024724
3.7415 0.74549 0.024768
3.8415 0.75061 0.024816
3.9415 0.75573 0.024869
4.0415 0.76086 0.024927
4.1415 0.76598 0.02499
4.2415 0.77111 0.025058
4.3415 0.77623 0.025129
4.4415 0.78135 0.025206
4.5415 0.78647 0.025286
4.6415 0.79159 0.02537
4.7415 0.79671 0.025458
4.8415 0.80183 0.02555
4.9415 0.80695 0.025645
5.0415 0.81207 0.025743
5.1415 0.81719 0.025845
5.2415 0.82231 0.025949
5.3415 0.82742 0.026056
5.4415 0.83254 0.026166
5.5415 0.83765 0.026278
5.6415 0.84277 0.026392
5.7415 0.84788 0.026509
5.8415 0.85299 0.026627
5.9415 0.85811 0.026746
6.0415 0.86322 0.026868
6.1415 0.86832 0.02699
6.2415 0.87343 0.027113
6.3415 0.87854 0.027237
6.4415 0.88365 0.027362
6.5415 0.88875 0.027487
6.6415 0.89385 0.027612
6.7415 0.89895 0.027738
6.8415 0.90405 0.027863
6.9415 0.90915 0.027987
7.0415 0.91425 0.028112
7.1415 0.91935 0.028235
7.2415 0.92444 0.028357
7.3415 0.92953 0.028479
7.4415 0.93462 0.028598
7.5415 0.93971 0.028717
7.6415 0.94479 0.028833
7.7415 0.94988 0.028948
7.8415 0.95496 0.029061
7.9415 0.96004 0.029171
8.0415 0.96511 0.02928
8.1415 0.97019 0.029385
8.2415 0.97526 0.029488
8.3415 0.98032 0.029588
8.4415 0.98539 0.029685
8.5415 0.99045 0.029779
8.6415 0.99551 0.02987
8.7415 1.0006 0.029958
8.8415 1.0056 0.030042
8.9415 1.0107 0.030123
9.0415 1.0157 0.030201
9.1415 1.0207 0.030275
9.2415 1.0258 0.030346
9.3415 1.0308 0.030413
9.4415 1.0358 0.030477
9.5415 1.0409 0.030537
9.6415 1.0459 0.030595
9.7415 1.0509 0.030649
9.8415 1.0559 0.0307
9.9415 1.0609 0.030749
10.041 1.0659 0.030795
10.141 1.0709 0.030839
10.241 1.0758 0.030881
10.341 1.0808 0.030922
10.441 1.0858 0.030962
10.541 1.0907 0.031001
10.641 1.0957 0.03104
10.741 1.1006 0.03108
10.841 1.1055 0.031121
10.941 1.1105 0.031164
11.041 1.1154 0.03121
11.141 1.1203 0.03126
11.241 1.1252 0.031315
11.341 1.13 0.031375
11.441 1.1349 0.031442
11.541 1.1398 0.031517
11.641 1.1446 0.031601
11.741 1.1494 0.031696
11.841 1.1543 0.031802
11.941 1.1591 0.031922
12.041 1.1638 0.032057
12.141 1.1686 0.032208
12.241 1.1734 0.032376
12.341 1.1781 0.032565
12.441 1.1828 0.032774
12.541 1.1875 0.033006
12.641 1.1922 0.033262
12.741 1.1969 0.033543
12.841 1.2015 0.033852
12.941 1.2062 0.034189
13.041 1.2108 0.034556
13.141 1.2153 0.034954
13.241 1.2199 0.035383
13.341 1.2244 0.035846
13.441 1.2289 0.036342
13.541 1.2334 0.036873
13.641 1.2379 0.037438
13.741 1.2423 0.038038
13.841 1.2467 0.038672
13.941 1.251 0.039341
14.041 1.2554 0.040045
14.141 1.2597 0.040782
14.241 1.2639 0.041551
14.341 1.2682 0.042352
14.441 1.2724 0.043184
14.541 1.2765 0.044045
14.641 1.2806 0.044933
14.741 1.2847 0.045846
14.841 1.2887 0.046784
14.941 1.2927 0.047742
15.041 1.2967 0.04872
15.141 1.3006 0.049714
15.241 1.3044 0.050723
15.341 1.3083 0.051742
15.441 1.312 0.052771
15.541 1.3157 0.053804
15.641 1.3194 0.054841
15.741 1.323 0.055876
15.841 1.3266 0.056908
15.941 1.33 0.057933
16.041 1.3335 0.058948
16.141 1.3369 0.05995
16.241 1.3402 0.060934
16.341 1.3435 0.061899
16.441 1.3467 0.06284
16.541 1.3498 0.063754
16.641 1.3529 0.064639
16.741 1.3559 0.065491
16.841 1.3589 0.066307
16.941 1.3618 0.067084
17.041 1.3646 0.06782
17.141 1.3673 0.068512
17.241 1.37 0.069157
17.341 1.3726 0.069752
17.441 1.3752 0.070297
17.541 1.3776 0.070788
17.641 1.38 0.071224
17.741 1.3824 0.071604
17.841 1.3846 0.071925
17.941 1.3868 0.072188
18.041 1.3889 0.07239
18.141 1.391 0.072532
18.241 1.393 0.072613
18.341 1.3949 0.072633
18.441 1.3967 0.072592
18.541 1.3984 0.07249
18.641 1.4001 0.072328
18.741 1.4017 0.072107
18.841 1.4033 0.071828
18.941 1.4048 0.071491
19.041 1.4062 0.071099
19.141 1.4075 0.070653
19.241 1.4088 0.070156
19.341 1.41 0.069608
19.441 1.4111 0.069013
19.541 1.4122 0.068372
19.641 1.4132 0.067689
19.741 1.4141 0.066966
19.841 1.415 0.066206
19.941 1.4158 0.065411
