0.06909 0.23747 0.045149
0.16909 0.24247 0.045085
0.26909 0.24751 0.045031
0.36909 0.25258 0.044989
0.46909 0.25769 0.044959
0.56909 0.26284 0.044945
0.66909 0.26802 0.044947
0.76909 0.27323 0.044967
0.86909 0.27849 0.045005
0.96909 0.28378 0.045065
1.0691 0.28911 0.045146
1.1691 0.29448 0.04525
1.2691 0.29989 0.045378
1.3691 0.30534 0.045531
1.4691 0.31084 0.04571
1.5691 0.31637 0.045916
1.6691 0.32195 0.046148
1.7691 0.32758 0.046407
1.8691 0.33326 0.046693
1.9691 0.33899 0.047005
2.0691 0.34477 0.047342
2.1691 0.3506 0.047704
2.2691 0.35649 0.04809
2.3691 0.36244 0.048498
2.4691 0.36845 0.048927
2.5691 0.37453 0.049374
2.6691 0.38067 0.049838
2.7691 0.38689 0.050316
2.8691 0.39317 0.050805
2.9691 0.39953 0.051304
3.0691 0.40598 0.05181
3.1691 0.4125 0.052319
3.2691 0.41911 0.052829
3.3691 0.4258 0.053337
3.4691 0.43259 0.053839
3.5691 0.43948 0.054333
3.6691 0.44647 0.054816
3.7691 0.45356 0.055284
3.8691 0.46076 0.055735
3.9691 0.46806 0.056166
4.0691 0.47549 0.056574
4.1691 0.48303 0.056957
4.2691 0.4907 0.057312
4.3691 0.4985 0.057637
4.4691 0.50643 0.057931
4.5691 0.51449 0.05819
4.6691 0.5227 0.058415
4.7691 0.53105 0.058604
4.8691 0.53955 0.058757
4.9691 0.5482 0.058874
5.0691 0.55702 0.058954
5.1691 0.56599 0.059
5.2691 0.57514 0.059013
5.3691 0.58446 0.058995
5.4691 0.59395 0.05895
5.5691 0.60363 0.058883
5.6691 0.61349 0.058798
5.7691 0.62355 0.058704
5.8691 0.6338 0.058606
5.9691 0.64425 0.058515
6.0691 0.65491 0.058442
6.1691 0.66578 0.058399
6.2691 0.67686 0.058399
6.3691 0.68816 0.058459
6.4691 0.69969 0.058596
6.5691 0.71145 0.058828
6.6691 0.72344 0.059175
6.7691 0.73567 0.059659
6.8691 0.74814 0.0603
6.9691 0.76087 0.061121
7.0691 0.77384 0.062143
7.1691 0.78708 0.063385
7.2691 0.80057 0.064869
7.3691 0.81433 0.066609
7.4691 0.82837 0.068623
7.5691 0.84268 0.070921
7.6691 0.85719 0.070908
7.7691 0.87146 0.068862
7.8691 0.88545 0.066948
7.9691 0.89916 0.065161
8.0691 0.91258 0.063495
8.1691 0.92573 0.061945
8.2691 0.93862 0.060506
8.3691 0.95123 0.059172
8.4691 0.96359 0.057936
8.5691 0.97569 0.056794
8.6691 0.98753 0.055739
8.7691 0.99913 0.054765
8.8691 1.0105 0.053867
8.9691 1.0216 0.05304
9.0691 1.0325 0.052277
9.1691 1.0431 0.051573
9.2691 1.0535 0.050923
9.3691 1.0637 0.050323
9.4691 1.0737 0.049767
9.5691 1.0835 0.04925
9.6691 1.093 0.04877
9.7691 1.1023 0.04832
9.8691 1.1115 0.047899
9.9691 1.1204 0.047503
10.069 1.1291 0.047127
10.169 1.1377 0.046771
10.269 1.146 0.046429
10.369 1.1542 0.046101
10.469 1.1621 0.045785
10.569 1.1699 0.045477
10.669 1.1775 0.045177
10.769 1.185 0.044882
10.869 1.1923 0.044592
10.969 1.1994 0.044305
11.069 1.2063 0.04402
11.169 1.2131 0.043736
11.269 1.2197 0.043453
11.369 1.2262 0.043169
11.469 1.2325 0.042884
11.569 1.2387 0.042598
11.669 1.2447 0.04231
11.769 1.2506 0.04202
11.869 1.2563 0.041728
11.969 1.2619 0.041434
12.069 1.2674 0.041137
12.169 1.2727 0.040838
12.269 1.2779 0.040537
12.369 1.283 0.040233
12.469 1.2879 0.039927
12.569 1.2928 0.039619
12.669 1.2975 0.039309
12.769 1.3021 0.038997
12.869 1.3065 0.038684
12.969 1.3109 0.03837
13.069 1.3151 0.038055
13.169 1.3193 0.037739
13.269 1.3233 0.037423
13.369 1.3273 0.037106
13.469 1.3311 0.03679
13.569 1.3348 0.036475
13.669 1.3385 0.03616
13.769 1.342 0.035847
13.869 1.3454 0.035535
13.969 1.3488 0.035225
14.069 1.3521 0.034917
14.169 1.3552 0.034611
14.269 1.3583 0.034309
14.369 1.3613 0.034009
14.469 1.3643 0.033713
14.569 1.3671 0.03342
14.669 1.3699 0.033131
14.769 1.3726 0.032846
14.869 1.3752 0.032566
14.969 1.3777 0.032291
15.069 1.3802 0.03202
15.169 1.3826 0.031754
15.269 1.3849 0.031494
15.369 1.3871 0.03124
15.469 1.3893 0.030991
15.569 1.3914 0.030748
15.669 1.3935 0.030511
15.769 1.3955 0.030281
15.869 1.3974 0.030057
15.969 1.3993 0.029839
16.069 1.4011 0.029628
16.169 1.4029 0.029424
16.269 1.4046 0.029226
16.369 1.4062 0.029036
16.469 1.4078 0.028852
16.569 1.4093 0.028676
16.669 1.4108 0.028506
16.769 1.4123 0.028344
16.869 1.4137 0.028188
16.969 1.415 0.02804
17.069 1.4163 0.027898
17.169 1.4175 0.027764
17.269 1.4187 0.027637
17.369 1.4199 0.027516
17.469 1.421 0.027402
17.569 1.4221 0.027295
17.669 1.4231 0.027194
17.769 1.4241 0.0271
17.869 1.425 0.027013
17.969 1.426 0.026932
18.069 1.4268 0.026856
18.169 1.4277 0.026787
18.269 1.4285 0.026724
18.369 1.4292 0.026667
18.469 1.43 0.026615
18.569 1.4307 0.026568
18.669 1.4313 0.026527
18.769 1.4319 0.026491
18.869 1.4325 0.02646
18.969 1.4331 0.026434
19.069 1.4336 0.026412
19.169 1.4341 0.026394
19.269 1.4346 0.026381
19.369 1.4351 0.026372
19.469 1.4355 0.026367
19.569 1.4359 0.026366
19.669 1.4363 0.026368
19.769 1.4366 0.026373
19.869 1.4369 0.026382
19.969 1.4372 0.026394
