0.073705 0.23009 0.025997
0.17371 0.23349 0.0258
0.27371 0.23697 0.025612
0.37371 0.24052 0.025434
0.47371 0.24416 0.025269
0.57371 0.24787 0.02512
0.67371 0.25166 0.024987
0.77371 0.25554 0.024874
0.87371 0.25949 0.024784
0.97371 0.26352 0.024718
1.0737 0.26763 0.02468
1.1737 0.27182 0.024671
1.2737 0.27608 0.024695
1.3737 0.28043 0.024754
1.4737 0.28486 0.02485
1.5737 0.28936 0.024985
1.6737 0.29395 0.025162
1.7737 0.29861 0.025382
1.8737 0.30335 0.025648
1.9737 0.30817 0.02596
2.0737 0.31307 0.026319
2.1737 0.31805 0.026728
2.2737 0.32311 0.027186
2.3737 0.32825 0.027693
2.4737 0.33346 0.028251
2.5737 0.33876 0.028859
2.6737 0.34413 0.029517
2.7737 0.34958 0.030225
2.8737 0.35512 0.030981
2.9737 0.36073 0.031786
3.0737 0.36642 0.032639
3.1737 0.37219 0.033539
3.2737 0.37804 0.034485
3.3737 0.38396 0.035476
3.4737 0.38997 0.036511
3.5737 0.39606 0.037589
3.6737 0.40222 0.03871
3.7737 0.40846 0.039872
3.8737 0.41479 0.041074
3.9737 0.42119 0.042316
4.0737 0.42767 0.043598
4.1737 0.43423 0.044917
4.2737 0.44084 0.044197
4.3737 0.44744 0.043268
4.4737 0.45405 0.042355
4.5737 0.46066 0.041459
4.6737 0.46726 0.040582
4.7737 0.47387 0.039725
4.8737 0.48048 0.038889
4.9737 0.48708 0.038074
5.0737 0.49369 0.037284
5.1737 0.50029 0.036518
5.2737 0.5069 0.035779
5.3737 0.51351 0.035067
5.4737 0.52011 0.034386
5.5737 0.52672 0.033735
5.6737 0.53332 0.033118
5.7737 0.53993 0.032536
5.8737 0.54653 0.03199
5.9737 0.55313 0.031482
6.0737 0.55974 0.031013
6.1737 0.56634 0.030586
6.2737 0.57295 0.030201
6.3737 0.57955 0.029861
6.4737 0.58615 0.029565
6.5737 0.59275 0.029315
6.6737 0.59935 0.029112
6.7737 0.60595 0.028956
6.8737 0.61255 0.028847
6.9737 0.61915 0.028785
7.0737 0.62575 0.02877
7.1737 0.63235 0.028801
7.2737 0.63894 0.028877
7.3737 0.64554 0.028996
7.4737 0.65213 0.029157
7.5737 0.65873 0.029359
7.6737 0.66532 0.029599
7.7737 0.67191 0.029875
7.8737 0.6785 0.030185
7.9737 0.68508 0.030526
8.0737 0.69167 0.030895
8.1737 0.69825 0.031291
8.2737 0.70483 0.031709
8.3737 0.71141 0.032149
8.4737 0.71799 0.032605
8.5737 0.72456 0.033077
8.6737 0.73113 0.03356
8.7737 0.73769 0.034052
8.8737 0.74425 0.034551
8.9737 0.75081 0.035052
9.0737 0.75736 0.035555
9.1737 0.76391 0.036055
9.2737 0.77045 0.036549
9.3737 0.77699 0.037036
9.4737 0.78352 0.037512
9.5737 0.79004 0.037973
9.6737 0.79656 0.038419
9.7737 0.80306 0.038845
9.8737 0.80956 0.039249
9.9737 0.81605 0.039628
10.074 0.82252 0.039979
10.174 0.82899 0.040299
10.274 0.83544 0.040586
10.374 0.84188 0.040837
10.474 0.8483 0.041049
10.574 0.8547 0.04122
10.674 0.86109 0.041348
10.774 0.86746 0.04143
10.874 0.87381 0.041464
10.974 0.88013 0.041449
11.074 0.88643 0.041383
11.174 0.8927 0.041265
11.274 0.89894 0.041094
11.374 0.90515 0.040871
11.474 0.91132 0.040597
11.574 0.91746 0.040272
11.674 0.92356 0.039899
11.774 0.92961 0.039481
11.874 0.93562 0.039023
11.974 0.94158 0.03853
12.074 0.94748 0.03801
12.174 0.95332 0.03747
12.274 0.95911 0.036922
12.374 0.96482 0.036377
12.474 0.97047 0.035847
12.574 0.97603 0.035347
12.674 0.98152 0.034892
12.774 0.98692 0.034496
12.874 0.99223 0.034176
12.974 0.99745 0.033945
13.074 1.0026 0.033815
13.174 1.0076 0.033794
13.274 1.0125 0.033888
13.374 1.0172 0.034097
13.474 1.0219 0.034418
13.574 1.0264 0.034841
13.674 1.0308 0.035353
13.774 1.0351 0.035939
13.874 1.0392 0.036579
13.974 1.0432 0.037252
14.074 1.047 0.037937
14.174 1.0507 0.038612
14.274 1.0542 0.039257
14.374 1.0575 0.039851
14.474 1.0607 0.040379
14.574 1.0638 0.040824
14.674 1.0667 0.041174
14.774 1.0694 0.04142
14.874 1.072 0.041555
14.974 1.0744 0.041574
15.074 1.0767 0.041476
15.174 1.0788 0.041262
15.274 1.0808 0.040936
15.374 1.0827 0.040501
15.474 1.0844 0.039966
15.574 1.0859 0.039339
15.674 1.0874 0.03863
15.774 1.0887 0.037849
15.874 1.0899 0.037007
15.974 1.091 0.036116
16.074 1.092 0.035188
16.174 1.0929 0.034234
16.274 1.0937 0.033265
16.374 1.0944 0.032293
16.474 1.095 0.031327
16.574 1.0955 0.030377
16.674 1.096 0.029451
16.774 1.0964 0.028558
16.874 1.0967 0.027703
16.974 1.0969 0.026892
17.074 1.0971 0.02613
17.174 1.0973 0.025421
17.274 1.0974 0.024767
17.374 1.0974 0.024168
17.474 1.0974 0.023627
17.574 1.0974 0.023141
17.674 1.0973 0.02271
17.774 1.0972 0.022331
17.874 1.097 0.022002
17.974 1.0969 0.02172
18.074 1.0967 0.021481
18.174 1.0964 0.021282
18.274 1.0962 0.021118
18.374 1.0959 0.020986
18.474 1.0956 0.020882
18.574 1.0953 0.020802
18.674 1.095 0.020743
18.774 1.0946 0.020703
18.874 1.0943 0.020677
18.974 1.0939 0.020663
19.074 1.0935 0.02066
19.174 1.0932 0.020664
19.274 1.0928 0.020674
19.374 1.0923 0.020689
19.474 1.0919 0.020706
19.574 1.0915 0.020726
19.674 1.0911 0.020746
19.774 1.0906 0.020766
19.874 1.0902 0.020786
19.974 1.0897 0.020804
