0.041484 0.46064 0.028254
0.14148 0.46301 0.028305
0.24148 0.46539 0.028361
0.34148 0.46778 0.028422
0.44148 0.47017 0.028487
0.54148 0.47257 0.028558
0.64148 0.47497 0.028634
0.74148 0.47739 0.028715
0.84148 0.47981 0.028801
0.94148 0.48223 0.028892
1.0415 0.48467 0.028988
1.1415 0.48711 0.029089
1.2415 0.48957 0.029194
1.3415 0.49203 0.029303
1.4415 0.49451 0.029416
1.5415 0.49699 0.029533
1.6415 0.49949 0.029652
1.7415 0.502 0.029774
1.8415 0.50452 0.029899
1.9415 0.50706 0.030024
2.0415 0.50961 0.030151
2.1415 0.51218 0.030279
2.2415 0.51476 0.030406
2.3415 0.51736 0.030533
2.4415 0.51998 0.030659
2.5415 0.52261 0.030783
2.6415 0.52526 0.030904
2.7415 0.52794 0.031023
2.8415 0.53063 0.031137
2.9415 0.53335 0.031248
3.0415 0.53608 0.031353
3.1415 0.53884 0.031453
3.2415 0.54163 0.031547
3.3415 0.54443 0.031634
3.4415 0.54727 0.031714
3.5415 0.55013 0.031786
3.6415 0.55302 0.031849
3.7415 0.55593 0.031903
3.8415 0.55888 0.031948
3.9415 0.56185 0.031983
4.0415 0.56486 0.032007
4.1415 0.56789 0.032021
4.2415 0.57096 0.032023
4.3415 0.57407 0.032013
4.4415 0.57721 0.031991
4.5415 0.58038 0.031957
4.6415 0.58359 0.031911
4.7415 0.58684 0.031851
4.8415 0.59013 0.031779
4.9415 0.59346 0.031693
5.0415 0.59683 0.031595
5.1415 0.60024 0.031483
5.2415 0.60369 0.031358
5.3415 0.60719 0.031221
5.4415 0.61073 0.031071
5.5415 0.61432 0.030909
5.6415 0.61795 0.030735
5.7415 0.62164 0.030551
5.8415 0.62537 0.030356
5.9415 0.62915 0.030151
6.0415 0.63299 0.029938
6.1415 0.63687 0.029718
6.2415 0.64081 0.029492
6.3415 0.6448 0.029261
6.4415 0.64885 0.029028
6.5415 0.65296 0.028794
6.6415 0.65712 0.028562
6.7415 0.66134 0.028334
6.8415 0.66563 0.028113
6.9415 0.66997 0.027901
7.0415 0.67437 0.027704
7.1415 0.67884 0.027523
7.2415 0.68337 0.027364
7.3415 0.68797 0.02723
7.4415 0.69263 0.027126
7.5415 0.69736 0.027057
7.6415 0.70216 0.027028
7.7415 0.70703 0.027044
7.8415 0.71197 0.02711
7.9415 0.71698 0.027232
8.0415 0.72206 0.027414
8.1415 0.72721 0.027661
8.2415 0.73244 0.027978
8.3415 0.73775 0.028369
8.4415 0.74313 0.028838
8.5415 0.7486 0.029389
8.6415 0.75414 0.030022
8.7415 0.75975 0.030742
8.8415 0.76546 0.031548
8.9415 0.77124 0.032443
9.0415 0.7771 0.033426
9.1415 0.78305 0.034498
9.2415 0.78909 0.035659
9.3415 0.7952 0.035984
9.4415 0.80125 0.034716
9.5415 0.80721 0.033518
9.6415 0.81309 0.032391
9.7415 0.81887 0.031336
9.8415 0.82456 0.030351
9.9415 0.83017 0.029438
10.041 0.83569 0.028597
10.141 0.84113 0.027826
10.241 0.84648 0.027126
10.341 0.85174 0.026496
10.441 0.85693 0.025934
10.541 0.86203 0.025439
10.641 0.86705 0.025009
10.741 0.872 0.024641
10.841 0.87686 0.024334
10.941 0.88164 0.024084
11.041 0.88635 0.023887
11.141 0.89098 0.023741
11.241 0.89554 0.023642
11.341 0.90002 0.023587
11.441 0.90443 0.023571
11.541 0.90877 0.023591
11.641 0.91303 0.023643
11.741 0.91723 0.023723
11.841 0.92135 0.023829
11.941 0.9254 0.023957
12.041 0.92939 0.024104
12.141 0.93331 0.024267
12.241 0.93716 0.024443
12.341 0.94095 0.02463
12.441 0.94467 0.024826
12.541 0.94833 0.025028
12.641 0.95192 0.025235
12.741 0.95545 0.025445
12.841 0.95892 0.025656
12.941 0.96233 0.025867
13.041 0.96568 0.026078
13.141 0.96896 0.026286
13.241 0.97219 0.02649
13.341 0.97537 0.026691
13.441 0.97848 0.026888
13.541 0.98154 0.027078
13.641 0.98454 0.027263
13.741 0.98749 0.027442
13.841 0.99038 0.027613
13.941 0.99322 0.027778
14.041 0.99601 0.027935
14.141 0.99874 0.028085
14.241 1.0014 0.028226
14.341 1.0041 0.02836
14.441 1.0066 0.028485
14.541 1.0092 0.028603
14.641 1.0117 0.028712
14.741 1.0141 0.028813
14.841 1.0165 0.028905
14.941 1.0188 0.02899
15.041 1.0211 0.029066
15.141 1.0234 0.029135
15.241 1.0256 0.029195
15.341 1.0277 0.029248
15.441 1.0298 0.029293
15.541 1.0319 0.02933
15.641 1.0339 0.02936
15.741 1.0359 0.029383
15.841 1.0379 0.029398
15.941 1.0398 0.029407
16.041 1.0416 0.029408
16.141 1.0435 0.029403
16.241 1.0452 0.029391
16.341 1.047 0.029373
16.441 1.0487 0.029349
16.541 1.0504 0.029319
16.641 1.052 0.029283
16.741 1.0536 0.029241
16.841 1.0551 0.029194
16.941 1.0567 0.029142
17.041 1.0582 0.029085
17.141 1.0596 0.029022
17.241 1.061 0.028956
17.341 1.0624 0.028884
17.441 1.0638 0.028808
17.541 1.0651 0.028728
17.641 1.0664 0.028645
17.741 1.0676 0.028557
17.841 1.0689 0.028466
17.941 1.0701 0.028371
18.041 1.0712 0.028273
18.141 1.0724 0.028172
18.241 1.0735 0.028068
18.341 1.0745 0.027961
18.441 1.0756 0.027851
18.541 1.0766 0.02774
18.641 1.0776 0.027625
18.741 1.0785 0.027509
18.841 1.0795 0.027391
18.941 1.0804 0.027271
19.041 1.0813 0.027149
19.141 1.0821 0.027026
19.241 1.083 0.026902
19.341 1.0838 0.026776
19.441 1.0845 0.026649
19.541 1.0853 0.026521
19.641 1.086 0.026392
19.741 1.0867 0.026263
19.841 1.0874 0.026133
19.941 1.0881 0.026003
