0.0051773 0.42693 0.021833
0.10518 0.43181 0.021582
0.20518 0.4367 0.021332
0.30518 0.44159 0.021084
0.40518 0.44648 0.020837
0.50518 0.45137 0.020593
0.60518 0.45625 0.02035
0.70518 0.46114 0.020108
0.80518 0.46603 0.019869
0.90518 0.47092 0.019632
1.0052 0.4758 0.019397
1.1052 0.48069 0.019164
1.2052 0.48558 0.018933
1.3052 0.49047 0.018704
1.4052 0.49535 0.018478
1.5052 0.50024 0.018254
1.6052 0.50513 0.018033
1.7052 0.51002 0.017814
1.8052 0.51491 0.017598
1.9052 0.51979 0.017386
2.0052 0.52468 0.017175
2.1052 0.52957 0.016969
2.2052 0.53446 0.016765
2.3052 0.53934 0.016564
2.4052 0.54423 0.016367
2.5052 0.54912 0.016174
2.6052 0.55401 0.015984
2.7052 0.55889 0.015798
2.8052 0.56378 0.015616
2.9052 0.56867 0.015438
3.0052 0.57356 0.015264
3.1052 0.57845 0.015094
3.2052 0.58333 0.01493
3.3052 0.58822 0.014769
3.4052 0.59311 0.014614
3.5052 0.598 0.014463
3.6052 0.60288 0.014318
3.7052 0.60777 0.014178
3.8052 0.61266 0.014043
3.9052 0.61755 0.013914
4.0052 0.62243 0.013791
4.1052 0.62732 0.013674
4.2052 0.63221 0.013563
4.3052 0.6371 0.013458
4.4052 0.64199 0.013359
4.5052 0.64687 0.013267
4.6052 0.65176 0.013182
4.7052 0.65665 0.013103
4.8052 0.66154 0.013031
4.9052 0.66642 0.012966
5.0052 0.67131 0.012909
5.1052 0.6762 0.012858
5.2052 0.68109 0.012815
5.3052 0.68597 0.012779
5.4052 0.69086 0.012751
5.5052 0.69575 0.01273
5.6052 0.70064 0.012717
5.7052 0.70553 0.012711
5.8052 0.71041 0.012713
5.9052 0.7153 0.012722
6.0052 0.72019 0.012739
6.1052 0.72508 0.012764
6.2052 0.72996 0.012796
6.3052 0.73485 0.012835
6.4052 0.73974 0.012882
6.5052 0.74463 0.012936
6.6052 0.74951 0.012997
6.7052 0.7544 0.013065
6.8052 0.75929 0.01314
6.9052 0.76418 0.013222
7.0052 0.76907 0.013311
7.1052 0.77395 0.013406
7.2052 0.77884 0.013507
7.3052 0.78373 0.013615
7.4052 0.78862 0.01373
7.5052 0.7935 0.01385
7.6052 0.79839 0.013976
7.7052 0.80328 0.014108
7.8052 0.80817 0.014245
7.9052 0.81305 0.014387
8.0052 0.81794 0.014535
8.1052 0.82283 0.014688
8.2052 0.82772 0.014846
8.3052 0.83261 0.015008
8.4052 0.83749 0.015175
8.5052 0.84238 0.015347
8.6052 0.84727 0.015523
8.7052 0.85216 0.015703
8.8052 0.85704 0.015887
8.9052 0.86193 0.016075
9.0052 0.86682 0.016266
9.1052 0.87171 0.016462
9.2052 0.87659 0.01666
9.3052 0.88148 0.016862
9.4052 0.88637 0.017068
9.5052 0.89126 0.017276
9.6052 0.89615 0.017488
9.7052 0.90103 0.017702
9.8052 0.90592 0.017919
9.9052 0.91081 0.018139
10.005 0.9157 0.018361
10.105 0.92058 0.018586
10.205 0.92547 0.018814
10.305 0.93036 0.019043
10.405 0.93525 0.019275
10.505 0.94013 0.01951
10.605 0.94502 0.019746
10.705 0.94991 0.019984
10.805 0.9548 0.020224
10.905 0.95969 0.020466
11.005 0.96457 0.02071
11.105 0.96946 0.020956
11.205 0.97435 0.021203
11.305 0.97924 0.021452
11.405 0.98412 0.021703
11.505 0.98901 0.021955
11.605 0.9939 0.022208
11.705 0.99879 0.022463
11.805 1.0037 0.022719
11.905 1.0086 0.022977
12.005 1.0135 0.023236
12.105 1.0183 0.023496
12.205 1.0232 0.023757
12.305 1.0281 0.02402
12.405 1.033 0.024283
12.505 1.0379 0.024548
12.605 1.0428 0.024802
12.705 1.0476 0.024802
12.805 1.0519 0.024802
12.905 1.053 0.024802
13.005 1.0525 0.020207
13.105 1.052 0.02014
13.205 1.0514 0.020037
13.305 1.0508 0.019934
13.405 1.0503 0.01983
13.505 1.0497 0.019727
13.605 1.0492 0.019624
13.705 1.0486 0.019521
13.805 1.048 0.019419
13.905 1.0475 0.019316
14.005 1.0469 0.019215
14.105 1.0463 0.019113
14.205 1.0458 0.019012
14.305 1.0452 0.018911
14.405 1.0447 0.018811
14.505 1.0441 0.018711
14.605 1.0435 0.018611
14.705 1.043 0.018511
14.805 1.0424 0.018412
14.905 1.0418 0.018314
15.005 1.0413 0.018215
15.105 1.0407 0.018117
15.205 1.0401 0.01802
15.305 1.0396 0.017923
15.405 1.039 0.017826
15.505 1.0385 0.017729
15.605 1.0379 0.017633
15.705 1.0373 0.017538
15.805 1.0368 0.017443
15.905 1.0362 0.017348
16.005 1.0356 0.017254
16.105 1.0351 0.01716
16.205 1.0345 0.017066
16.305 1.034 0.016973
16.405 1.0334 0.016881
16.505 1.0328 0.016789
16.605 1.0323 0.016697
16.705 1.0317 0.016606
16.805 1.0311 0.016516
16.905 1.0306 0.016426
17.005 1.03 0.016336
17.105 1.0295 0.016247
17.205 1.0289 0.016159
17.305 1.0283 0.016071
17.405 1.0278 0.015983
17.505 1.0272 0.015896
17.605 1.0266 0.01581
17.705 1.0261 0.015724
17.805 1.0255 0.015639
17.905 1.025 0.015555
18.005 1.0244 0.015471
18.105 1.0238 0.015387
18.205 1.0233 0.015305
18.305 1.0227 0.015223
18.405 1.0221 0.015141
18.505 1.0216 0.01506
18.605 1.021 0.01498
18.705 1.0205 0.014901
18.805 1.0199 0.014822
18.905 1.0193 0.014744
19.005 1.0188 0.014667
19.105 1.0182 0.01459
19.205 1.0176 0.014514
19.305 1.0171 0.014439
19.405 1.0165 0.014365
19.505 1.016 0.014291
19.605 1.0154 0.014218
19.705 1.0148 0.014146
19.805 1.0143 0.014075
19.905 1.0137 0.014004
