0.073705 0.4434 0.042887
0.17371 0.4488 0.042919
0.27371 0.45432 0.04296
0.37371 0.45997 0.043007
0.47371 0.46574 0.043061
0.57371 0.47164 0.04312
0.67371 0.47767 0.043185
0.77371 0.48382 0.043253
0.87371 0.4901 0.043325
0.97371 0.4965 0.0434
1.0737 0.50303 0.043476
1.1737 0.50968 0.043553
1.2737 0.51646 0.043629
1.3737 0.52335 0.043705
1.4737 0.53037 0.043779
1.5737 0.53751 0.04385
1.6737 0.54478 0.043917
1.7737 0.55216 0.043979
1.8737 0.55967 0.044035
1.9737 0.56729 0.044086
2.0737 0.57504 0.044128
2.1737 0.5829 0.044163
2.2737 0.59089 0.044188
2.3737 0.59899 0.044204
2.4737 0.60721 0.04421
2.5737 0.61554 0.044204
2.6737 0.624 0.044187
2.7737 0.63257 0.044158
2.8737 0.64125 0.044117
2.9737 0.65005 0.044063
3.0737 0.65897 0.043996
3.1737 0.668 0.043917
3.2737 0.67714 0.043825
3.3737 0.68639 0.04372
3.4737 0.69576 0.043604
3.5737 0.70524 0.043476
3.6737 0.71483 0.043337
3.7737 0.72453 0.043189
3.8737 0.73434 0.043031
3.9737 0.74426 0.042867
4.0737 0.75429 0.042697
4.1737 0.76443 0.042524
4.2737 0.77467 0.04235
4.3737 0.78502 0.042176
4.4737 0.79548 0.042007
4.5737 0.80605 0.041846
4.6737 0.81671 0.041696
4.7737 0.82749 0.04156
4.8737 0.83836 0.041445
4.9737 0.84934 0.041353
5.0737 0.86042 0.041291
5.1737 0.8716 0.041264
5.2737 0.88288 0.041278
5.3737 0.89427 0.041339
5.4737 0.90575 0.041452
5.5737 0.91733 0.041625
5.6737 0.92901 0.041865
5.7737 0.94079 0.042176
5.8737 0.95266 0.042567
5.9737 0.96463 0.043043
6.0737 0.97669 0.043609
6.1737 0.98885 0.044272
6.2737 1.0011 0.045036
6.3737 1.0134 0.045905
6.4737 1.0259 0.046884
6.5737 1.0384 0.047974
6.6737 1.051 0.049179
6.7737 1.0637 0.0505
6.8737 1.0765 0.051939
6.9737 1.0894 0.053495
7.0737 1.1024 0.05517
7.1737 1.1154 0.056962
7.2737 1.1286 0.058871
7.3737 1.1418 0.060895
7.4737 1.1551 0.063035
7.5737 1.1685 0.065287
7.6737 1.182 0.06765
7.7737 1.1955 0.070123
7.8737 1.2092 0.072703
7.9737 1.2229 0.075389
8.0737 1.2367 0.078179
8.1737 1.2506 0.081071
8.2737 1.2645 0.084062
8.3737 1.2786 0.087151
8.4737 1.2927 0.090337
8.5737 1.3068 0.087421
8.6737 1.3209 0.083502
8.7737 1.3348 0.0798
8.8737 1.3487 0.07632
8.9737 1.3626 0.073065
9.0737 1.3763 0.070039
9.1737 1.39 0.067246
9.2737 1.4036 0.064687
9.3737 1.4171 0.062363
9.4737 1.4305 0.060274
9.5737 1.4439 0.058419
9.6737 1.4571 0.056793
9.7737 1.4703 0.055392
9.8737 1.4834 0.054207
9.9737 1.4964 0.053229
10.074 1.5093 0.052446
10.174 1.5222 0.051844
10.274 1.5349 0.05141
10.374 1.5476 0.051127
10.474 1.5602 0.050978
10.574 1.5726 0.050949
10.674 1.585 0.051022
10.774 1.5973 0.051183
10.874 1.6095 0.051416
10.974 1.6216 0.051708
11.074 1.6337 0.052047
11.174 1.6456 0.05242
11.274 1.6574 0.052819
11.374 1.6692 0.053233
11.474 1.6808 0.053655
11.574 1.6923 0.054078
11.674 1.7038 0.054497
11.774 1.7151 0.054906
11.874 1.7264 0.055302
11.974 1.7375 0.05568
12.074 1.7486 0.056039
12.174 1.7595 0.056376
12.274 1.7703 0.05669
12.374 1.7811 0.05698
12.474 1.7917 0.057245
12.574 1.8023 0.057485
12.674 1.8127 0.0577
12.774 1.823 0.057892
12.874 1.8332 0.05806
12.974 1.8433 0.058206
13.074 1.8534 0.05833
13.174 1.8633 0.058435
13.274 1.8731 0.058522
13.374 1.8827 0.058592
13.474 1.8923 0.058648
13.574 1.9018 0.058691
13.674 1.9112 0.058722
13.774 1.9204 0.058745
13.874 1.9296 0.058761
13.974 1.9386 0.058772
14.074 1.9475 0.05878
14.174 1.9564 0.058787
14.274 1.9651 0.058795
14.374 1.9737 0.058806
14.474 1.9822 0.058821
14.574 1.9906 0.058842
14.674 1.9988 0.058871
14.774 2.007 0.05891
14.874 2.015 0.058959
14.974 2.023 0.05902
15.074 2.0308 0.059094
15.174 2.0385 0.059181
15.274 2.0461 0.059284
15.374 2.0536 0.059401
15.474 2.061 0.059534
15.574 2.0683 0.059683
15.674 2.0754 0.059849
15.774 2.0825 0.06003
15.874 2.0894 0.060228
15.974 2.0962 0.060441
16.074 2.1029 0.060669
16.174 2.1095 0.060912
16.274 2.116 0.061169
16.374 2.1224 0.061439
16.474 2.1287 0.061722
16.574 2.1349 0.062016
16.674 2.1409 0.06232
16.774 2.1469 0.062633
16.874 2.1527 0.062955
16.974 2.1584 0.063284
17.074 2.164 0.063618
17.174 2.1696 0.063956
17.274 2.175 0.064298
17.374 2.1803 0.064641
17.474 2.1854 0.064986
17.574 2.1905 0.065329
17.674 2.1955 0.06567
17.774 2.2004 0.066009
17.874 2.2051 0.066343
17.974 2.2098 0.066671
18.074 2.2144 0.066993
18.174 2.2188 0.067307
18.274 2.2232 0.067613
18.374 2.2274 0.067909
18.474 2.2315 0.068194
18.574 2.2356 0.068468
18.674 2.2395 0.06873
18.774 2.2434 0.06898
18.874 2.2471 0.069215
18.974 2.2508 0.069437
19.074 2.2543 0.069644
19.174 2.2578 0.069835
19.274 2.2611 0.070011
19.374 2.2644 0.070172
19.474 2.2675 0.070316
19.574 2.2706 0.070443
19.674 2.2736 0.070554
19.774 2.2764 0.070648
19.874 2.2792 0.070726
19.974 2.2819 0.070786
