0.072276 0.37733 0.079704
0.17228 0.3854 0.08031
0.27228 0.39356 0.080915
0.37228 0.4018 0.081515
0.47228 0.41014 0.082108
0.57228 0.41857 0.082693
0.67228 0.42709 0.083267
0.77228 0.43569 0.083829
0.87228 0.44438 0.084376
0.97228 0.45315 0.084906
1.0723 0.46201 0.085418
1.1723 0.47095 0.08591
1.2723 0.47998 0.08638
1.3723 0.48908 0.086825
1.4723 0.49827 0.087245
1.5723 0.50754 0.087637
1.6723 0.51689 0.088
1.7723 0.52632 0.088332
1.8723 0.53583 0.088631
1.9723 0.54542 0.088896
2.0723 0.55508 0.089126
2.1723 0.56481 0.089319
2.2723 0.57462 0.089473
2.3723 0.58451 0.089588
2.4723 0.59446 0.089662
2.5723 0.60449 0.089695
2.6723 0.61459 0.089684
2.7723 0.62476 0.08963
2.8723 0.635 0.089531
2.9723 0.6453 0.089387
3.0723 0.65567 0.089197
3.1723 0.66611 0.08896
3.2723 0.67661 0.088677
3.3723 0.68718 0.088347
3.4723 0.69781 0.087971
3.5723 0.7085 0.087548
3.6723 0.71925 0.087079
3.7723 0.73006 0.086565
3.8723 0.74093 0.086007
3.9723 0.75185 0.085405
4.0723 0.76284 0.084762
4.1723 0.77387 0.084079
4.2723 0.78497 0.083358
4.3723 0.79611 0.082602
4.4723 0.80731 0.081815
4.5723 0.81856 0.080999
4.6723 0.82985 0.080158
4.7723 0.8412 0.079298
4.8723 0.85259 0.078424
4.9723 0.86403 0.077541
5.0723 0.87552 0.076657
5.1723 0.88705 0.075778
5.2723 0.89862 0.074913
5.3723 0.91023 0.074073
5.4723 0.92189 0.073265
5.5723 0.93358 0.072503
5.6723 0.94532 0.071798
5.7723 0.95709 0.071162
5.8723 0.96889 0.07061
5.9723 0.98074 0.070157
6.0723 0.99261 0.069816
6.1723 1.0045 0.069604
6.2723 1.0165 0.069537
6.3723 1.0284 0.069628
6.4723 1.0404 0.069893
6.5723 1.0525 0.070345
6.6723 1.0645 0.070997
6.7723 1.0766 0.07186
6.8723 1.0887 0.072942
6.9723 1.1008 0.07425
7.0723 1.113 0.075789
7.1723 1.1252 0.077563
7.2723 1.1374 0.079571
7.3723 1.1496 0.081813
7.4723 1.1618 0.084286
7.5723 1.1741 0.086987
7.6723 1.1864 0.089911
7.7723 1.1987 0.093051
7.8723 1.211 0.096402
7.9723 1.2233 0.099958
8.0723 1.2356 0.10371
8.1723 1.248 0.10765
8.2723 1.2603 0.11178
8.3723 1.2727 0.11608
8.4723 1.2851 0.12055
8.5723 1.2975 0.12109
8.6723 1.3098 0.11638
8.7723 1.3219 0.11185
8.8723 1.334 0.10751
8.9723 1.3459 0.10334
9.0723 1.3577 0.099356
9.1723 1.3694 0.095557
9.2723 1.381 0.091944
9.3723 1.3924 0.08852
9.4723 1.4037 0.085285
9.5723 1.4149 0.082242
9.6723 1.426 0.079391
9.7723 1.4369 0.076734
9.8723 1.4477 0.07427
9.9723 1.4584 0.072
10.072 1.469 0.069922
10.172 1.4794 0.068036
10.272 1.4898 0.066337
10.372 1.4999 0.064823
10.472 1.51 0.063489
10.572 1.52 0.062328
10.672 1.5298 0.061335
10.772 1.5394 0.060501
10.872 1.549 0.059818
10.972 1.5584 0.059276
11.072 1.5677 0.058865
11.172 1.5769 0.058575
11.272 1.586 0.058395
11.372 1.5949 0.058314
11.472 1.6037 0.058321
11.572 1.6123 0.058408
11.672 1.6209 0.058562
11.772 1.6293 0.058776
11.872 1.6376 0.059039
11.972 1.6457 0.059344
12.072 1.6538 0.059683
12.172 1.6617 0.060049
12.272 1.6695 0.060435
12.372 1.6771 0.060835
12.472 1.6847 0.061245
12.572 1.6921 0.061659
12.672 1.6994 0.062072
12.772 1.7065 0.062483
12.872 1.7136 0.062886
12.972 1.7205 0.063279
13.072 1.7273 0.06366
13.172 1.734 0.064026
13.272 1.7405 0.064376
13.372 1.747 0.064707
13.472 1.7533 0.065019
13.572 1.7595 0.065311
13.672 1.7656 0.06558
13.772 1.7716 0.065828
13.872 1.7774 0.066052
13.972 1.7832 0.066253
14.072 1.7888 0.06643
14.172 1.7943 0.066584
14.272 1.7998 0.066714
14.372 1.805 0.06682
14.472 1.8102 0.066902
14.572 1.8153 0.06696
14.672 1.8203 0.066996
14.772 1.8251 0.067008
14.872 1.8299 0.066998
14.972 1.8346 0.066966
15.072 1.8391 0.066912
15.172 1.8435 0.066837
15.272 1.8479 0.066741
15.372 1.8521 0.066626
15.472 1.8563 0.06649
15.572 1.8603 0.066337
15.672 1.8643 0.066165
15.772 1.8681 0.065975
15.872 1.8719 0.065769
15.972 1.8755 0.065546
16.072 1.8791 0.065308
16.172 1.8826 0.065056
16.272 1.8859 0.064789
16.372 1.8892 0.06451
16.472 1.8924 0.064217
16.572 1.8956 0.063913
16.672 1.8986 0.063598
16.772 1.9015 0.063273
16.872 1.9044 0.062938
16.972 1.9072 0.062595
17.072 1.9099 0.062243
17.172 1.9125 0.061884
17.272 1.915 0.061518
17.372 1.9174 0.061146
17.472 1.9198 0.06077
17.572 1.9221 0.060389
17.672 1.9243 0.060004
17.772 1.9265 0.059616
17.872 1.9286 0.059225
17.972 1.9306 0.058834
18.072 1.9325 0.058441
18.172 1.9344 0.058048
18.272 1.9362 0.057655
18.372 1.9379 0.057263
18.472 1.9396 0.056873
18.572 1.9412 0.056485
18.672 1.9427 0.056099
18.772 1.9441 0.055718
18.872 1.9455 0.05534
18.972 1.9469 0.054967
19.072 1.9482 0.054598
19.172 1.9494 0.054236
19.272 1.9506 0.053879
19.372 1.9517 0.053529
19.472 1.9527 0.053186
19.572 1.9537 0.052851
19.672 1.9546 0.052523
19.772 1.9555 0.052204
19.872 1.9564 0.051893
19.972 1.9571 0.051591
