0.067371 0.71095 0.23418
0.16737 0.71926 0.23254
0.26737 0.72758 0.23089
0.36737 0.73589 0.22925
0.46737 0.74421 0.22762
0.56737 0.75252 0.22599
0.66737 0.76083 0.22436
0.76737 0.76915 0.22273
0.86737 0.77746 0.22111
0.96737 0.78577 0.21949
1.0674 0.79409 0.21787
1.1674 0.8024 0.21626
1.2674 0.81071 0.21465
1.3674 0.81903 0.21305
1.4674 0.82734 0.21145
1.5674 0.83566 0.20985
1.6674 0.84397 0.20826
1.7674 0.85228 0.20667
1.8674 0.8606 0.20509
1.9674 0.86891 0.20351
2.0674 0.87722 0.20194
2.1674 0.88554 0.20037
2.2674 0.89385 0.1988
2.3674 0.90216 0.19724
2.4674 0.91048 0.19569
2.5674 0.91879 0.19414
2.6674 0.92711 0.1926
2.7674 0.93542 0.19106
2.8674 0.94373 0.18952
2.9674 0.95205 0.18799
3.0674 0.96036 0.18647
3.1674 0.96867 0.18496
3.2674 0.97699 0.18345
3.3674 0.9853 0.18194
3.4674 0.99361 0.18044
3.5674 1.0019 0.17895
3.6674 1.0102 0.17747
3.7674 1.0186 0.17599
3.8674 1.0269 0.17452
3.9674 1.0352 0.17306
4.0674 1.0435 0.1716
4.1674 1.0518 0.17015
4.2674 1.0601 0.16871
4.3674 1.0684 0.16728
4.4674 1.0768 0.16586
4.5674 1.0851 0.16444
4.6674 1.0934 0.16304
4.7674 1.1017 0.16164
4.8674 1.11 0.16025
4.9674 1.1183 0.15887
5.0674 1.1266 0.1575
5.1674 1.1349 0.15614
5.2674 1.1433 0.15479
5.3674 1.1516 0.15345
5.4674 1.1599 0.15212
5.5674 1.1682 0.1508
5.6674 1.1765 0.14949
5.7674 1.1848 0.1482
5.8674 1.1931 0.14691
5.9674 1.2015 0.14564
6.0674 1.2098 0.14438
6.1674 1.2181 0.14314
6.2674 1.2264 0.1419
6.3674 1.2347 0.14068
6.4674 1.243 0.13948
6.5674 1.2513 0.13828
6.6674 1.2596 0.13711
6.7674 1.268 0.13594
6.8674 1.2763 0.1348
6.9674 1.2846 0.13366
7.0674 1.2929 0.13255
7.1674 1.3012 0.13145
7.2674 1.3095 0.13037
7.3674 1.3178 0.1293
7.4674 1.3262 0.12825
7.5674 1.3345 0.12723
7.6674 1.3428 0.12622
7.7674 1.3511 0.12522
7.8674 1.3594 0.12425
7.9674 1.3677 0.1233
8.0674 1.376 0.12237
8.1674 1.3844 0.12146
8.2674 1.3927 0.12057
8.3674 1.401 0.1197
8.4674 1.4093 0.11886
8.5674 1.4176 0.11804
8.6674 1.4259 0.11724
8.7674 1.4342 0.11647
8.8674 1.4425 0.11572
8.9674 1.4509 0.11499
9.0674 1.4592 0.11429
9.1674 1.4675 0.11362
9.2674 1.4758 0.11297
9.3674 1.4841 0.11235
9.4674 1.4924 0.11175
9.5674 1.5007 0.11119
9.6674 1.5091 0.11065
9.7674 1.5174 0.11014
9.8674 1.5257 0.10966
9.9674 1.534 0.1092
10.067 1.5423 0.10878
10.167 1.5506 0.10839
10.267 1.5589 0.10802
10.367 1.5673 0.10769
10.467 1.5756 0.10739
10.567 1.5839 0.10712
10.667 1.5922 0.10688
10.767 1.6005 0.10667
10.867 1.6088 0.10649
10.967 1.6171 0.10635
11.067 1.6254 0.10624
11.167 1.6338 0.10615
11.267 1.6421 0.10611
11.367 1.6504 0.10609
11.467 1.6587 0.1061
11.567 1.667 0.10615
11.667 1.6753 0.10623
11.767 1.6836 0.10634
11.867 1.692 0.10649
11.967 1.7003 0.10666
12.067 1.7086 0.10687
12.167 1.7169 0.10711
12.267 1.7252 0.10738
12.367 1.7335 0.10768
12.467 1.7418 0.10801
12.567 1.7502 0.10837
12.667 1.7585 0.10877
12.767 1.7668 0.10919
12.867 1.7751 0.10964
12.967 1.7834 0.11012
13.067 1.7917 0.11063
13.167 1.8 0.11117
13.267 1.8083 0.11174
13.367 1.8167 0.11233
13.467 1.825 0.11295
13.567 1.8333 0.1136
13.667 1.8416 0.11427
13.767 1.8499 0.11497
13.867 1.8582 0.11569
13.967 1.8665 0.11644
14.067 1.8749 0.11722
14.167 1.8832 0.11801
14.267 1.8915 0.11883
14.367 1.8998 0.11968
14.467 1.9081 0.12054
14.567 1.9164 0.12143
14.667 1.9247 0.12234
14.767 1.9331 0.12327
14.867 1.9414 0.12422
14.967 1.9497 0.12519
15.067 1.958 0.12619
15.167 1.9663 0.12719
15.267 1.9746 0.12822
15.367 1.9829 0.12927
15.467 1.9912 0.13033
15.567 1.9996 0.13142
15.667 2.0079 0.13251
15.767 2.0162 0.13363
15.867 2.0245 0.13476
15.967 2.0328 0.13591
16.067 2.0411 0.13707
16.167 2.0494 0.13825
16.267 2.0578 0.13944
16.367 2.0661 0.14064
16.467 2.0744 0.14186
16.567 2.0827 0.1431
16.667 2.091 0.14434
16.767 2.0993 0.1456
16.867 2.1076 0.14687
16.967 2.116 0.14816
17.067 2.1243 0.14945
17.167 2.1326 0.15076
17.267 2.1409 0.15208
17.367 2.1492 0.15341
17.467 2.1575 0.15475
17.567 2.1658 0.1561
17.667 2.1741 0.15746
17.767 2.1825 0.15883
17.867 2.1908 0.16021
17.967 2.1991 0.16159
18.067 2.2074 0.16299
18.167 2.2157 0.1644
18.267 2.224 0.16581
18.367 2.2323 0.16724
18.467 2.2407 0.16867
18.567 2.249 0.17011
18.667 2.2573 0.17156
18.767 2.2656 0.17301
18.867 2.2739 0.17448
18.967 2.2822 0.17595
19.067 2.2905 0.17742
19.167 2.2989 0.17891
19.267 2.3072 0.1804
19.367 2.3155 0.1819
19.467 2.3238 0.1834
19.567 2.3321 0.18491
19.667 2.3404 0.18643
19.767 2.3487 0.18795
19.867 2.357 0.18948
19.967 2.3654 0.19101
