0.06909 0.22312 0.040422
0.16909 0.22916 0.040221
0.26909 0.2354 0.040037
0.36909 0.24182 0.039871
0.46909 0.24843 0.039722
0.56909 0.25524 0.039593
0.66909 0.26223 0.039484
0.76909 0.2694 0.039395
0.86909 0.27676 0.039328
0.96909 0.28431 0.039283
1.0691 0.29204 0.03926
1.1691 0.29995 0.039261
1.2691 0.30804 0.039284
1.3691 0.31631 0.03933
1.4691 0.32477 0.0394
1.5691 0.33339 0.039493
1.6691 0.3422 0.039609
1.7691 0.35118 0.039748
1.8691 0.36034 0.039909
1.9691 0.36967 0.040091
2.0691 0.37917 0.040295
2.1691 0.38884 0.040519
2.2691 0.39868 0.040763
2.3691 0.40869 0.041025
2.4691 0.41888 0.041305
2.5691 0.42922 0.041603
2.6691 0.43974 0.041916
2.7691 0.45041 0.042243
2.8691 0.46126 0.042585
2.9691 0.47226 0.042939
3.0691 0.48343 0.043304
3.1691 0.49476 0.043679
3.2691 0.50624 0.044064
3.3691 0.51789 0.044456
3.4691 0.52969 0.044855
3.5691 0.54165 0.045259
3.6691 0.55377 0.045668
3.7691 0.56604 0.046079
3.8691 0.57846 0.046493
3.9691 0.59103 0.046908
4.0691 0.60376 0.047323
4.1691 0.61663 0.047736
4.2691 0.62966 0.048148
4.3691 0.64283 0.048557
4.4691 0.65615 0.048962
4.5691 0.66961 0.049362
4.6691 0.68322 0.049757
4.7691 0.69697 0.050146
4.8691 0.71087 0.050528
4.9691 0.7249 0.050903
5.0691 0.73908 0.05127
5.1691 0.7534 0.051629
5.2691 0.76785 0.051979
5.3691 0.78244 0.052319
5.4691 0.79717 0.052651
5.5691 0.81203 0.052973
5.6691 0.82703 0.053285
5.7691 0.84215 0.053588
5.8691 0.85741 0.053882
5.9691 0.87281 0.054166
6.0691 0.88833 0.054442
6.1691 0.90398 0.054709
6.2691 0.91975 0.054968
6.3691 0.93566 0.05522
6.4691 0.95169 0.055466
6.5691 0.96784 0.055706
6.6691 0.98411 0.055942
6.7691 1.0005 0.056175
6.8691 1.017 0.056406
6.9691 1.0337 0.056637
7.0691 1.0504 0.056869
7.1691 1.0673 0.057105
7.2691 1.0843 0.057346
7.3691 1.1014 0.057595
7.4691 1.1186 0.057854
7.5691 1.136 0.058126
7.6691 1.1534 0.058414
7.7691 1.171 0.05872
7.8691 1.1886 0.059048
7.9691 1.2064 0.059401
8.0691 1.2243 0.059783
8.1691 1.2423 0.060198
8.2691 1.2604 0.060649
8.3691 1.2786 0.06114
8.4691 1.2969 0.061675
8.5691 1.3153 0.062258
8.6691 1.3339 0.062895
8.7691 1.3525 0.063588
8.8691 1.3712 0.064343
8.9691 1.39 0.065163
9.0691 1.4089 0.066053
9.1691 1.4279 0.067017
9.2691 1.447 0.068059
9.3691 1.4662 0.069183
9.4691 1.4855 0.070392
9.5691 1.5049 0.071691
9.6691 1.5244 0.073082
9.7691 1.5439 0.074569
9.8691 1.5636 0.076155
9.9691 1.5833 0.077843
10.069 1.6032 0.079634
10.169 1.6231 0.081532
10.269 1.6431 0.083538
10.369 1.6632 0.085655
10.469 1.6833 0.087883
10.569 1.7036 0.090225
10.669 1.7239 0.092681
10.769 1.7443 0.095254
10.869 1.7648 0.097943
10.969 1.7853 0.10075
11.069 1.806 0.10368
11.169 1.8267 0.10672
11.269 1.8475 0.10988
11.369 1.8683 0.11317
