0.0051773 0.43915 0.1238
0.10518 0.43696 0.12337
0.20518 0.43478 0.12294
0.30518 0.43263 0.12249
0.40518 0.43056 0.12201
0.50518 0.42859 0.12148
0.60518 0.42677 0.1209
0.70518 0.42514 0.12024
0.80518 0.42374 0.11948
0.90518 0.42259 0.11862
1.0052 0.42175 0.11764
1.1052 0.42126 0.11654
1.2052 0.42115 0.11531
1.3052 0.42147 0.11397
1.4052 0.42226 0.11254
1.5052 0.42355 0.11105
1.6052 0.42539 0.10954
1.7052 0.42782 0.1081
1.8052 0.43088 0.10682
1.9052 0.43461 0.1058
2.0052 0.43905 0.10521
2.1052 0.44423 0.10522
2.2052 0.45019 0.10601
2.3052 0.45698 0.10779
2.4052 0.46462 0.11076
2.5052 0.47315 0.11508
2.6052 0.48261 0.12089
2.7052 0.49304 0.12829
2.8052 0.50446 0.13732
2.9052 0.51691 0.14801
3.0052 0.53042 0.16033
3.1052 0.54502 0.17425
3.2052 0.56074 0.18974
3.3052 0.5775 0.19743
3.4052 0.59399 0.18791
3.5052 0.60981 0.1788
3.6052 0.62501 0.17007
3.7052 0.6396 0.16174
3.8052 0.65361 0.15378
3.9052 0.66707 0.1462
4.0052 0.67999 0.13898
4.1052 0.69241 0.13212
4.2052 0.70433 0.12562
4.3052 0.71579 0.11946
4.4052 0.7268 0.11365
4.5052 0.73738 0.10818
4.6052 0.74755 0.10304
4.7052 0.75733 0.098225
4.8052 0.76674 0.09374
4.9052 0.77578 0.089576
5.0052 0.78448 0.085727
5.1052 0.79286 0.082187
5.2052 0.80092 0.078952
5.3052 0.80869 0.076013
5.4052 0.81617 0.073363
5.5052 0.82337 0.070993
5.6052 0.83032 0.06889
5.7052 0.83701 0.067045
5.8052 0.84347 0.065442
5.9052 0.84971 0.064069
6.0052 0.85572 0.062909
6.1052 0.86153 0.061946
6.2052 0.86715 0.061162
6.3052 0.87257 0.060542
6.4052 0.87782 0.060068
6.5052 0.8829 0.059723
6.6052 0.88781 0.059491
6.7052 0.89257 0.059357
6.8052 0.89718 0.059307
6.9052 0.90165 0.059326
7.0052 0.90598 0.059404
7.1052 0.91018 0.059528
7.2052 0.91427 0.059689
7.3052 0.91823 0.059878
7.4052 0.92209 0.060087
7.5052 0.92584 0.06031
7.6052 0.92948 0.06054
7.7052 0.93303 0.060772
7.8052 0.93649 0.061001
7.9052 0.93987 0.061225
8.0052 0.94316 0.061439
8.1052 0.94637 0.061641
8.2052 0.9495 0.06183
8.3052 0.95256 0.062002
8.4052 0.95555 0.062158
8.5052 0.95848 0.062296
8.6052 0.96135 0.062414
8.7052 0.96415 0.062513
8.8052 0.9669 0.062593
8.9052 0.9696 0.062653
9.0052 0.97225 0.062694
9.1052 0.97484 0.062715
9.2052 0.97739 0.062717
9.3052 0.9799 0.0627
9.4052 0.98236 0.062666
9.5052 0.98478 0.062614
9.6052 0.98717 0.062546
9.7052 0.98951 0.062461
9.8052 0.99183 0.062362
9.9052 0.99411 0.062248
10.005 0.99636 0.062121
10.105 0.99858 0.061982
10.205 1.0008 0.061831
10.305 1.0029 0.06167
10.405 1.0051 0.061499
10.505 1.0072 0.06132
10.605 1.0093 0.061134
10.705 1.0113 0.06094
10.805 1.0134 0.060742
10.905 1.0154 0.060539
11.005 1.0174 0.060332
11.105 1.0194 0.060123
11.205 1.0214 0.059913
11.305 1.0233 0.059702
11.405 1.0253 0.059492
11.505 1.0272 0.059283
11.605 1.0291 0.059077
11.705 1.031 0.058875
11.805 1.0329 0.058677
11.905 1.0347 0.058484
12.005 1.0366 0.058298
12.105 1.0385 0.058119
12.205 1.0403 0.057948
12.305 1.0421 0.057786
12.405 1.0439 0.057634
12.505 1.0457 0.057493
12.605 1.0475 0.057363
12.705 1.0493 0.057245
12.805 1.0511 0.057141
12.905 1.0529 0.05705
13.005 1.0547 0.056974
13.105 1.0564 0.056912
13.205 1.0582 0.056867
13.305 1.0599 0.056838
13.405 1.0617 0.056825
13.505 1.0634 0.05683
13.605 1.0651 0.056853
13.705 1.0668 0.056894
13.805 1.0686 0.056954
13.905 1.0703 0.057033
14.005 1.072 0.057132
14.105 1.0737 0.05725
14.205 1.0754 0.057388
14.305 1.0771 0.057547
14.405 1.0788 0.057725
14.505 1.0805 0.057925
14.605 1.0822 0.058144
14.705 1.0839 0.058385
14.805 1.0856 0.058646
14.905 1.0872 0.058928
15.005 1.0889 0.05923
15.105 1.0906 0.059553
15.205 1.0923 0.059896
15.305 1.0939 0.06026
15.405 1.0956 0.060644
15.505 1.0973 0.061047
15.605 1.0989 0.061471
15.705 1.1006 0.061913
15.805 1.1023 0.062375
15.905 1.1039 0.062856
16.005 1.1056 0.063355
16.105 1.1072 0.063873
16.205 1.1089 0.064409
16.305 1.1105 0.064962
16.405 1.1122 0.065533
16.505 1.1138 0.066121
16.605 1.1155 0.066725
16.705 1.1171 0.067346
16.805 1.1188 0.067982
16.905 1.1204 0.068634
17.005 1.1221 0.069302
17.105 1.1237 0.069984
17.205 1.1254 0.07068
17.305 1.127 0.071391
17.405 1.1286 0.072115
17.505 1.1303 0.072853
17.605 1.1319 0.073603
17.705 1.1336 0.074367
17.805 1.1352 0.075143
17.905 1.1368 0.07593
18.005 1.1385 0.07673
18.105 1.1401 0.07754
18.205 1.1417 0.078362
18.305 1.1434 0.079194
18.405 1.145 0.080037
18.505 1.1466 0.08089
18.605 1.1483 0.081752
18.705 1.1499 0.082625
18.805 1.1515 0.083506
18.905 1.1532 0.084396
19.005 1.1548 0.085295
19.105 1.1564 0.086203
19.205 1.1581 0.087119
19.305 1.1597 0.088042
19.405 1.1613 0.088974
19.505 1.163 0.089912
19.605 1.1646 0.090859
19.705 1.1662 0.091812
19.805 1.1679 0.092772
19.905 1.1695 0.093739
