0.041484 0.55494 0.14413
0.14148 0.55462 0.14594
0.24148 0.55415 0.14764
0.34148 0.55353 0.1492
0.44148 0.55277 0.15063
0.54148 0.55185 0.15192
0.64148 0.5508 0.15307
0.74148 0.5496 0.15408
0.84148 0.54827 0.15494
0.94148 0.5468 0.15566
1.0415 0.5452 0.15622
1.1415 0.54348 0.15664
1.2415 0.54163 0.15691
1.3415 0.53967 0.15704
1.4415 0.53759 0.15702
1.5415 0.53541 0.15685
1.6415 0.53312 0.15656
1.7415 0.53074 0.15612
1.8415 0.52826 0.15556
1.9415 0.52571 0.15487
2.0415 0.52307 0.15406
2.1415 0.52036 0.15315
2.2415 0.51759 0.15212
2.3415 0.51476 0.151
2.4415 0.51188 0.14979
2.5415 0.50895 0.1485
2.6415 0.50599 0.14714
2.7415 0.50301 0.14571
2.8415 0.5 0.14423
2.9415 0.49699 0.14272
3.0415 0.49397 0.14117
3.1415 0.49095 0.1396
3.2415 0.48796 0.13802
3.3415 0.48498 0.13644
3.4415 0.48204 0.13488
3.5415 0.47914 0.13335
3.6415 0.47629 0.13185
3.7415 0.47351 0.1304
3.8415 0.4708 0.12901
3.9415 0.46816 0.12769
4.0415 0.46562 0.12644
4.1415 0.46318 0.12529
4.2415 0.46085 0.12422
4.3415 0.45865 0.12325
4.4415 0.45657 0.12239
4.5415 0.45464 0.12163
4.6415 0.45286 0.12098
4.7415 0.45125 0.12044
4.8415 0.44981 0.12
4.9415 0.44856 0.11967
5.0415 0.4475 0.11944
5.1415 0.44665 0.11929
5.2415 0.44602 0.11923
5.3415 0.44562 0.11925
5.4415 0.44547 0.11933
5.5415 0.44556 0.11946
5.6415 0.44592 0.11964
5.7415 0.44655 0.11984
5.8415 0.44746 0.12005
5.9415 0.44868 0.12027
6.0415 0.4502 0.12048
6.1415 0.45204 0.12066
6.2415 0.45421 0.12081
6.3415 0.45672 0.1209
6.4415 0.45959 0.12093
6.5415 0.46282 0.12089
6.6415 0.46643 0.12076
6.7415 0.47042 0.12054
6.8415 0.47481 0.12022
6.9415 0.47961 0.1198
7.0415 0.48482 0.11926
7.1415 0.49047 0.11861
7.2415 0.49656 0.11784
7.3415 0.50311 0.11697
7.4415 0.51012 0.11598
7.5415 0.5176 0.11491
7.6415 0.52556 0.11375
7.7415 0.53403 0.11252
7.8415 0.543 0.11125
7.9415 0.55248 0.10998
8.0415 0.5625 0.10872
8.1415 0.57305 0.10754
8.2415 0.58415 0.10648
8.3415 0.59581 0.10561
8.4415 0.60804 0.10499
8.5415 0.62084 0.1047
8.6415 0.63424 0.10483
8.7415 0.64824 0.10545
8.8415 0.66284 0.10667
8.9415 0.67807 0.10856
9.0415 0.69392 0.11119
9.1415 0.71041 0.11463
9.2415 0.72755 0.11893
9.3415 0.74534 0.12413
9.4415 0.7638 0.13023
9.5415 0.78294 0.13725
9.6415 0.80277 0.14518
9.7415 0.82328 0.15401
9.8415 0.8445 0.16372
9.9415 0.86636 0.16758
10.041 0.88795 0.15919
10.141 0.90901 0.15126
10.241 0.92956 0.14381
10.341 0.94959 0.13688
10.441 0.96912 0.13049
10.541 0.98815 0.12469
10.641 1.0067 0.11949
10.741 1.0248 0.11494
10.841 1.0424 0.11106
10.941 1.0595 0.10786
11.041 1.0762 0.10537
11.141 1.0924 0.10358
11.241 1.1082 0.10247
11.341 1.1236 0.10202
11.441 1.1385 0.1022
11.541 1.153 0.10296
11.641 1.1671 0.10423
11.741 1.1808 0.10597
11.841 1.1941 0.10811
11.941 1.207 0.1106
12.041 1.2196 0.11337
12.141 1.2317 0.11637
12.241 1.2435 0.11956
12.341 1.2549 0.1229
12.441 1.266 0.12634
12.541 1.2767 0.12986
12.641 1.2871 0.13342
12.741 1.2972 0.13701
12.841 1.3069 0.14059
12.941 1.3162 0.14416
13.041 1.3253 0.14769
13.141 1.334 0.15117
13.241 1.3425 0.1546
13.341 1.3506 0.15795
13.441 1.3585 0.16123
13.541 1.366 0.16442
13.641 1.3733 0.16752
13.741 1.3802 0.17052
13.841 1.3869 0.17342
13.941 1.3934 0.17622
14.041 1.3995 0.1789
14.141 1.4054 0.18148
14.241 1.4111 0.18394
14.341 1.4165 0.18628
14.441 1.4216 0.18851
14.541 1.4265 0.19062
14.641 1.4312 0.1926
14.741 1.4356 0.19447
14.841 1.4398 0.19622
14.941 1.4438 0.19785
15.041 1.4476 0.19935
15.141 1.4511 0.20074
15.241 1.4545 0.202
15.341 1.4576 0.20315
15.441 1.4605 0.20417
15.541 1.4632 0.20508
15.641 1.4657 0.20587
15.741 1.4681 0.20654
15.841 1.4702 0.20709
15.941 1.4721 0.20753
16.041 1.4739 0.20786
16.141 1.4755 0.20807
16.241 1.4769 0.20817
16.341 1.4782 0.20816
16.441 1.4792 0.20804
16.541 1.4801 0.20782
16.641 1.4809 0.20749
16.741 1.4815 0.20705
16.841 1.4819 0.20652
16.941 1.4822 0.20588
17.041 1.4823 0.20515
17.141 1.4823 0.20432
17.241 1.4821 0.2034
17.341 1.4818 0.20238
17.441 1.4814 0.20128
17.541 1.4808 0.20009
17.641 1.4801 0.19882
17.741 1.4793 0.19746
17.841 1.4783 0.19603
17.941 1.4772 0.19452
18.041 1.476 0.19294
18.141 1.4746 0.1913
18.241 1.4732 0.18958
18.341 1.4716 0.18781
18.441 1.4699 0.18598
18.541 1.4681 0.1841
18.641 1.4662 0.18216
18.741 1.4642 0.18019
18.841 1.462 0.17817
18.941 1.4598 0.17612
19.041 1.4575 0.17404
19.141 1.455 0.17194
19.241 1.4525 0.16982
19.341 1.4499 0.1677
19.441 1.4472 0.16557
19.541 1.4444 0.16344
19.641 1.4415 0.16133
19.741 1.4385 0.15924
19.841 1.4354 0.15718
19.941 1.4323 0.15516
