0.013259 0.28608 0.025419
0.11326 0.29045 0.025359
0.21326 0.2949 0.025319
0.31326 0.29941 0.025299
0.41326 0.304 0.025303
0.51326 0.30866 0.025332
0.61326 0.31339 0.025388
0.71326 0.3182 0.025472
0.81326 0.32308 0.025587
0.91326 0.32802 0.025733
1.0133 0.33304 0.025913
1.1133 0.33813 0.026128
1.2133 0.3433 0.026379
1.3133 0.34853 0.026667
1.4133 0.35384 0.026993
1.5133 0.35921 0.027359
1.6133 0.36466 0.027765
1.7133 0.37018 0.028211
1.8133 0.37577 0.028699
1.9133 0.38144 0.029229
2.0133 0.38717 0.0298
2.1133 0.39297 0.030413
2.2133 0.39885 0.031068
2.3133 0.4048 0.031765
2.4133 0.41082 0.032504
2.5133 0.4169 0.033285
2.6133 0.42306 0.034107
2.7133 0.42929 0.03497
2.8133 0.4356 0.035874
2.9133 0.44197 0.036818
3.0133 0.44841 0.037803
3.1133 0.45492 0.038827
3.2133 0.4615 0.039892
3.3133 0.46815 0.040995
3.4133 0.47488 0.042138
3.5133 0.48167 0.043319
3.6133 0.48853 0.04454
3.7133 0.49546 0.045798
3.8133 0.50246 0.047096
3.9133 0.50953 0.048431
4.0133 0.51667 0.049774
4.1133 0.52384 0.04784
4.2133 0.531 0.045991
4.3133 0.53816 0.044236
4.4133 0.54532 0.042581
4.5133 0.55247 0.041036
4.6133 0.55962 0.039609
4.7133 0.56677 0.038309
4.8133 0.5739 0.037146
4.9133 0.58104 0.036126
5.0133 0.58816 0.035257
5.1133 0.59528 0.034544
5.2133 0.6024 0.033992
5.3133 0.6095 0.033601
5.4133 0.6166 0.03337
5.5133 0.62369 0.033296
5.6133 0.63077 0.033371
5.7133 0.63785 0.033588
5.8133 0.64491 0.033936
5.9133 0.65197 0.034402
6.0133 0.65901 0.034974
6.1133 0.66605 0.035638
6.2133 0.67307 0.036381
6.3133 0.68008 0.037191
6.4133 0.68708 0.038053
6.5133 0.69406 0.038957
6.6133 0.70103 0.039892
6.7133 0.70798 0.040847
6.8133 0.71492 0.041812
6.9133 0.72184 0.042779
7.0133 0.72875 0.043739
7.1133 0.73563 0.044686
7.2133 0.74249 0.045613
7.3133 0.74934 0.046513
7.4133 0.75616 0.047381
7.5133 0.76296 0.048212
7.6133 0.76974 0.049
7.7133 0.77649 0.049742
7.8133 0.78321 0.050433
7.9133 0.7899 0.051069
8.0133 0.79657 0.051649
8.1133 0.8032 0.052167
8.2133 0.80981 0.052622
8.3133 0.81637 0.053011
8.4133 0.82291 0.053332
8.5133 0.8294 0.053584
8.6133 0.83585 0.053764
8.7133 0.84227 0.053873
8.8133 0.84864 0.053908
8.9133 0.85496 0.053869
9.0133 0.86124 0.053757
9.1133 0.86747 0.053572
9.2133 0.87365 0.053315
9.3133 0.87977 0.052987
9.4133 0.88584 0.052589
9.5133 0.89185 0.052123
9.6133 0.8978 0.051594
9.7133 0.90369 0.051003
9.8133 0.90951 0.050354
9.9133 0.91526 0.049652
10.013 0.92095 0.048902
10.113 0.92656 0.048109
10.213 0.9321 0.047279
10.313 0.93756 0.046419
10.413 0.94294 0.045536
10.513 0.94824 0.044637
10.613 0.95345 0.043731
10.713 0.95857 0.042826
10.813 0.96361 0.041931
10.913 0.96856 0.041055
11.013 0.97341 0.040206
11.113 0.97816 0.039394
11.213 0.98282 0.038627
11.313 0.98738 0.037912
11.413 0.99183 0.037256
11.513 0.99619 0.036666
11.613 1.0004 0.036145
11.713 1.0046 0.035696
11.813 1.0086 0.035322
11.913 1.0125 0.03502
12.013 1.0164 0.03479
12.113 1.0201 0.034628
12.213 1.0237 0.034528
12.313 1.0271 0.034484
12.413 1.0305 0.034488
12.513 1.0338 0.034533
12.613 1.0369 0.03461
12.713 1.04 0.034711
12.813 1.0429 0.034826
12.913 1.0457 0.034947
13.013 1.0484 0.035068
13.113 1.051 0.035181
13.213 1.0535 0.035278
13.313 1.0559 0.035356
13.413 1.0582 0.035409
13.513 1.0604 0.035433
13.613 1.0625 0.035425
13.713 1.0645 0.035383
13.813 1.0664 0.035304
13.913 1.0682 0.035189
14.013 1.0699 0.035036
14.113 1.0715 0.034846
14.213 1.073 0.034619
14.313 1.0745 0.034357
14.413 1.0758 0.034062
14.513 1.0771 0.033735
14.613 1.0783 0.033378
14.713 1.0794 0.032995
14.813 1.0805 0.032588
14.913 1.0815 0.032159
15.013 1.0824 0.031711
15.113 1.0832 0.031249
15.213 1.084 0.030774
15.313 1.0848 0.030289
15.413 1.0854 0.029799
15.513 1.086 0.029304
15.613 1.0866 0.02881
15.713 1.0871 0.028317
15.813 1.0876 0.027829
15.913 1.088 0.027349
16.013 1.0883 0.026878
16.113 1.0886 0.026418
16.213 1.0889 0.025972
16.313 1.0891 0.025542
16.413 1.0893 0.025128
16.513 1.0895 0.024733
16.613 1.0896 0.024357
16.713 1.0897 0.024001
16.813 1.0898 0.023665
16.913 1.0898 0.023352
17.013 1.0898 0.023059
17.113 1.0898 0.022789
17.213 1.0898 0.02254
17.313 1.0897 0.022312
17.413 1.0896 0.022105
17.513 1.0895 0.021919
17.613 1.0893 0.021752
17.713 1.0892 0.021604
17.813 1.089 0.021474
17.913 1.0888 0.021361
18.013 1.0886 0.021264
18.113 1.0883 0.021181
18.213 1.0881 0.021113
18.313 1.0878 0.021057
18.413 1.0876 0.021013
18.513 1.0873 0.02098
18.613 1.087 0.020956
18.713 1.0867 0.020941
18.813 1.0864 0.020934
18.913 1.086 0.020933
19.013 1.0857 0.020939
19.113 1.0853 0.020949
19.213 1.085 0.020964
19.313 1.0846 0.020982
19.413 1.0842 0.021003
19.513 1.0838 0.021027
19.613 1.0834 0.021053
19.713 1.083 0.021079
19.813 1.0826 0.021107
19.913 1.0822 0.021135
