0.059988 0.49841 0.027276
0.15999 0.50369 0.026831
0.25999 0.50897 0.026407
0.35999 0.51425 0.026005
0.45999 0.51953 0.025625
0.55999 0.52481 0.025267
0.65999 0.53008 0.024932
0.75999 0.53535 0.02462
0.85999 0.54062 0.024331
0.95999 0.54589 0.024066
1.06 0.55116 0.023825
1.16 0.55642 0.023607
1.26 0.56168 0.023412
1.36 0.56693 0.023241
1.46 0.57219 0.023092
1.56 0.57744 0.022966
1.66 0.58269 0.022862
1.76 0.58793 0.022779
1.86 0.59317 0.022717
1.96 0.59841 0.022674
2.06 0.60364 0.022651
2.16 0.60887 0.022645
2.26 0.61409 0.022656
2.36 0.61931 0.022682
2.46 0.62453 0.022724
2.56 0.62974 0.022778
2.66 0.63494 0.022844
2.76 0.64014 0.022922
2.86 0.64534 0.023008
2.96 0.65052 0.023103
3.06 0.6557 0.023205
3.16 0.66088 0.023312
3.26 0.66604 0.023424
3.36 0.6712 0.023539
3.46 0.67636 0.023656
3.56 0.6815 0.023773
3.66 0.68664 0.02389
3.76 0.69176 0.024006
3.86 0.69688 0.024118
3.96 0.70199 0.024227
4.06 0.70709 0.024332
4.16 0.71217 0.02443
4.26 0.71725 0.024523
4.36 0.72231 0.024607
4.46 0.72737 0.024684
4.56 0.73241 0.024752
4.66 0.73743 0.02481
4.76 0.74244 0.024858
4.86 0.74744 0.024896
4.96 0.75243 0.024922
5.06 0.75739 0.024937
5.16 0.76234 0.02494
5.26 0.76728 0.024931
5.36 0.77219 0.02491
5.46 0.77709 0.024877
5.56 0.78197 0.024832
5.66 0.78683 0.024776
5.76 0.79166 0.024707
5.86 0.79648 0.024628
5.96 0.80127 0.024538
6.06 0.80603 0.024438
6.16 0.81078 0.024329
6.26 0.81549 0.024211
6.36 0.82018 0.024087
6.46 0.82484 0.023957
6.56 0.82947 0.023822
6.66 0.83408 0.023684
6.76 0.83865 0.023545
6.86 0.84318 0.023407
6.96 0.84769 0.02327
7.06 0.85216 0.023138
7.16 0.85659 0.023013
7.26 0.86099 0.022896
7.36 0.86534 0.02279
7.46 0.86966 0.022697
7.56 0.87394 0.02262
7.66 0.87817 0.02256
7.76 0.88236 0.022519
7.86 0.8865 0.0225
7.96 0.8906 0.022503
8.06 0.89465 0.022531
8.16 0.89865 0.022585
8.26 0.90259 0.022665
8.36 0.90649 0.022771
8.46 0.91033 0.022904
8.56 0.91412 0.023064
8.66 0.91785 0.023249
8.76 0.92153 0.023459
8.86 0.92514 0.023692
8.96 0.9287 0.023947
9.06 0.93219 0.02422
9.16 0.93562 0.024511
9.26 0.93899 0.024815
9.36 0.94229 0.025131
9.46 0.94553 0.025456
9.56 0.9487 0.025787
9.66 0.9518 0.02612
9.76 0.95484 0.026454
9.86 0.95781 0.026784
9.96 0.9607 0.027108
10.06 0.96353 0.027423
10.16 0.96628 0.027726
10.26 0.96897 0.028016
10.36 0.97158 0.02829
10.46 0.97412 0.028545
10.56 0.97658 0.02878
10.66 0.97898 0.028993
10.76 0.9813 0.029182
10.86 0.98355 0.029346
10.96 0.98572 0.029485
11.06 0.98783 0.029597
11.16 0.98986 0.029682
11.26 0.99182 0.02974
11.36 0.99371 0.029769
11.46 0.99553 0.029772
11.56 0.99727 0.029747
11.66 0.99895 0.029695
11.76 1.0006 0.029618
11.86 1.0021 0.029516
11.96 1.0036 0.029389
12.06 1.005 0.02924
12.16 1.0063 0.02907
12.26 1.0076 0.02888
12.36 1.0088 0.028672
12.46 1.01 0.028447
12.56 1.0111 0.028208
12.66 1.0121 0.027956
12.76 1.0131 0.027693
12.86 1.014 0.027421
12.96 1.0149 0.027142
13.06 1.0157 0.026858
13.16 1.0165 0.026571
13.26 1.0172 0.026283
13.36 1.0178 0.025996
13.46 1.0184 0.025711
13.56 1.019 0.02543
13.66 1.0195 0.025155
13.76 1.02 0.024888
13.86 1.0204 0.024629
13.96 1.0208 0.02438
14.06 1.0212 0.024141
14.16 1.0215 0.023915
14.26 1.0217 0.023702
14.36 1.022 0.023502
14.46 1.0222 0.023317
14.56 1.0223 0.023145
14.66 1.0225 0.022989
14.76 1.0226 0.022847
14.86 1.0226 0.022719
14.96 1.0227 0.022606
15.06 1.0227 0.022507
15.16 1.0227 0.022422
15.26 1.0226 0.02235
15.36 1.0226 0.02229
15.46 1.0225 0.022242
15.56 1.0224 0.022206
15.66 1.0222 0.022179
15.76 1.0221 0.022163
15.86 1.0219 0.022155
15.96 1.0217 0.022155
16.06 1.0215 0.022162
16.16 1.0212 0.022175
16.26 1.021 0.022194
16.36 1.0207 0.022217
16.46 1.0204 0.022244
16.56 1.0201 0.022274
16.66 1.0198 0.022307
16.76 1.0195 0.022341
16.86 1.0191 0.022376
16.96 1.0188 0.022412
17.06 1.0184 0.022448
17.16 1.018 0.022484
17.26 1.0177 0.022518
17.36 1.0173 0.022552
17.46 1.0168 0.022583
17.56 1.0164 0.022613
17.66 1.016 0.02264
17.76 1.0155 0.022664
17.86 1.0151 0.022686
17.96 1.0146 0.022704
18.06 1.0142 0.022719
18.16 1.0137 0.022731
18.26 1.0132 0.02274
18.36 1.0127 0.022744
18.46 1.0122 0.022745
18.56 1.0117 0.022743
18.66 1.0112 0.022736
18.76 1.0107 0.022726
18.86 1.0102 0.022712
18.96 1.0097 0.022695
19.06 1.0092 0.022674
19.16 1.0086 0.022649
19.26 1.0081 0.02262
19.36 1.0076 0.022588
19.46 1.007 0.022552
19.56 1.0065 0.022513
19.66 1.0059 0.022471
19.76 1.0054 0.022426
19.86 1.0048 0.022377
19.96 1.0043 0.022326
