0.02113 0.54618 0.01741
0.12113 0.54956 0.017376
0.22113 0.55294 0.017347
0.32113 0.55632 0.017322
0.42113 0.5597 0.017301
0.52113 0.56308 0.017284
0.62113 0.56646 0.017272
0.72113 0.56984 0.017264
0.82113 0.57322 0.017259
0.92113 0.5766 0.017259
1.0211 0.57997 0.017263
1.1211 0.58335 0.01727
1.2211 0.58673 0.017282
1.3211 0.5901 0.017296
1.4211 0.59347 0.017315
1.5211 0.59685 0.017337
1.6211 0.60022 0.017362
1.7211 0.60359 0.017391
1.8211 0.60696 0.017423
1.9211 0.61033 0.017458
2.0211 0.6137 0.017496
2.1211 0.61707 0.017537
2.2211 0.62044 0.017581
2.3211 0.62381 0.017627
2.4211 0.62717 0.017676
2.5211 0.63054 0.017727
2.6211 0.6339 0.017781
2.7211 0.63726 0.017836
2.8211 0.64063 0.017894
2.9211 0.64399 0.017954
3.0211 0.64734 0.018016
3.1211 0.6507 0.018079
3.2211 0.65406 0.018144
3.3211 0.65742 0.018211
3.4211 0.66077 0.018279
3.5211 0.66412 0.018348
3.6211 0.66748 0.018418
3.7211 0.67083 0.018489
3.8211 0.67417 0.018561
3.9211 0.67752 0.018634
4.0211 0.68087 0.018708
4.1211 0.68421 0.018782
4.2211 0.68756 0.018857
4.3211 0.6909 0.018932
4.4211 0.69424 0.019007
4.5211 0.69757 0.019082
4.6211 0.70091 0.019158
4.7211 0.70424 0.019233
4.8211 0.70757 0.019308
4.9211 0.7109 0.019382
5.0211 0.71423 0.019457
5.1211 0.71756 0.019531
5.2211 0.72088 0.019604
5.3211 0.7242 0.019676
5.4211 0.72752 0.019748
5.5211 0.73084 0.019819
5.6211 0.73415 0.019889
5.7211 0.73746 0.019958
5.8211 0.74077 0.020026
5.9211 0.74408 0.020093
6.0211 0.74738 0.020158
6.1211 0.75068 0.020223
6.2211 0.75398 0.020285
6.3211 0.75728 0.020347
6.4211 0.76057 0.020407
6.5211 0.76386 0.020465
6.6211 0.76714 0.020521
6.7211 0.77043 0.020577
6.8211 0.77371 0.02063
6.9211 0.77698 0.020681
7.0211 0.78025 0.020731
7.1211 0.78352 0.020779
7.2211 0.78678 0.020826
7.3211 0.79004 0.02087
7.4211 0.7933 0.020913
7.5211 0.79655 0.020953
7.6211 0.7998 0.020992
7.7211 0.80304 0.021029
7.8211 0.80628 0.021064
7.9211 0.80952 0.021098
8.0211 0.81275 0.021129
8.1211 0.81597 0.021159
8.2211 0.81919 0.021187
8.3211 0.8224 0.021214
8.4211 0.82561 0.021239
8.5211 0.82881 0.021262
8.6211 0.83201 0.021284
8.7211 0.8352 0.021305
8.8211 0.83839 0.021324
8.9211 0.84157 0.021342
9.0211 0.84474 0.02136
9.1211 0.84791 0.021376
9.2211 0.85107 0.021391
9.3211 0.85422 0.021406
9.4211 0.85737 0.02142
9.5211 0.86051 0.021435
9.6211 0.86364 0.021448
9.7211 0.86676 0.021463
9.8211 0.86988 0.021477
9.9211 0.87299 0.021492
10.021 0.87609 0.021507
10.121 0.87918 0.021523
10.221 0.88226 0.021541
10.321 0.88533 0.02156
10.421 0.8884 0.021581
10.521 0.89146 0.021604
10.621 0.8945 0.021629
10.721 0.89754 0.021656
10.821 0.90056 0.021687
10.921 0.90358 0.021721
11.021 0.90659 0.021758
11.121 0.90958 0.021799
11.221 0.91256 0.021844
11.321 0.91554 0.021893
11.421 0.9185 0.021947
11.521 0.92144 0.022007
11.621 0.92438 0.022071
11.721 0.92731 0.022142
11.821 0.93022 0.022218
11.921 0.93311 0.0223
12.021 0.936 0.022389
12.121 0.93887 0.022485
12.221 0.94173 0.022588
12.321 0.94457 0.022699
12.421 0.9474 0.022817
12.521 0.95021 0.022942
12.621 0.95301 0.023076
12.721 0.95579 0.023217
12.821 0.95856 0.023367
12.921 0.96131 0.023525
13.021 0.96404 0.023691
13.121 0.96676 0.023866
13.221 0.96946 0.024049
13.321 0.97214 0.02424
13.421 0.9748 0.02444
13.521 0.97745 0.024648
13.621 0.98007 0.024864
13.721 0.98268 0.025088
13.821 0.98527 0.02532
13.921 0.98784 0.02556
14.021 0.99038 0.025807
14.121 0.99291 0.026061
14.221 0.99542 0.026321
14.321 0.9979 0.026589
14.421 1.0004 0.026862
14.521 1.0028 0.027141
14.621 1.0052 0.027426
14.721 1.0076 0.027715
14.821 1.01 0.028009
14.921 1.0123 0.028307
15.021 1.0147 0.028609
15.121 1.017 0.028913
15.221 1.0192 0.029221
15.321 1.0215 0.02953
15.421 1.0237 0.02984
15.521 1.0259 0.030152
15.621 1.0281 0.030464
15.721 1.0303 0.030775
15.821 1.0324 0.031086
15.921 1.0345 0.031396
16.021 1.0365 0.031703
16.121 1.0386 0.032009
16.221 1.0406 0.032311
16.321 1.0426 0.032609
16.421 1.0445 0.032904
16.521 1.0465 0.033193
16.621 1.0484 0.033478
16.721 1.0502 0.033757
16.821 1.0521 0.034029
16.921 1.0539 0.034294
17.021 1.0557 0.034553
17.121 1.0574 0.034803
17.221 1.0591 0.035045
17.321 1.0608 0.035278
17.421 1.0625 0.035502
17.521 1.0641 0.035717
17.621 1.0657 0.035921
17.721 1.0673 0.036116
17.821 1.0688 0.036299
17.921 1.0703 0.036472
18.021 1.0718 0.036633
18.121 1.0732 0.036782
18.221 1.0746 0.03692
18.321 1.076 0.037045
18.421 1.0774 0.037159
18.521 1.0787 0.037259
18.621 1.08 0.037347
18.721 1.0812 0.037423
18.821 1.0824 0.037485
18.921 1.0836 0.037535
19.021 1.0848 0.037572
19.121 1.0859 0.037596
19.221 1.087 0.037606
19.321 1.088 0.037604
19.421 1.0891 0.03759
19.521 1.0901 0.037562
19.621 1.091 0.037522
19.721 1.092 0.037469
19.821 1.0929 0.037404
19.921 1.0938 0.037327
