0.02113 0.23849 0.017371
0.12113 0.24026 0.017438
0.22113 0.24205 0.017503
0.32113 0.24384 0.017567
0.42113 0.24565 0.017629
0.52113 0.24746 0.017688
0.62113 0.24928 0.017745
0.72113 0.25112 0.017799
0.82113 0.25296 0.01785
0.92113 0.25481 0.017897
1.0211 0.25667 0.017941
1.1211 0.25853 0.017981
1.2211 0.26041 0.018016
1.3211 0.2623 0.018047
1.4211 0.26419 0.018073
1.5211 0.2661 0.018094
1.6211 0.26801 0.018109
1.7211 0.26993 0.018118
1.8211 0.27186 0.018121
1.9211 0.27379 0.018117
2.0211 0.27574 0.018107
2.1211 0.27769 0.01809
2.2211 0.27965 0.018065
2.3211 0.28162 0.018033
2.4211 0.2836 0.017993
2.5211 0.28558 0.017944
2.6211 0.28757 0.017888
2.7211 0.28957 0.017822
2.8211 0.29158 0.017748
2.9211 0.29359 0.017665
3.0211 0.29561 0.017573
3.1211 0.29764 0.017472
3.2211 0.29967 0.017362
3.3211 0.30172 0.017243
3.4211 0.30376 0.017114
3.5211 0.30582 0.016977
3.6211 0.30788 0.016831
3.7211 0.30995 0.016676
3.8211 0.31202 0.016513
3.9211 0.3141 0.016343
4.0211 0.31619 0.016166
4.1211 0.31828 0.015982
4.2211 0.32037 0.015793
4.3211 0.32248 0.015599
4.4211 0.32458 0.015403
4.5211 0.3267 0.015205
4.6211 0.32882 0.015006
4.7211 0.33094 0.01481
4.8211 0.33307 0.014618
4.9211 0.3352 0.014433
5.0211 0.33734 0.014257
5.1211 0.33948 0.014093
5.2211 0.34163 0.013946
5.3211 0.34378 0.013819
5.4211 0.34593 0.013717
5.5211 0.34809 0.013642
5.6211 0.35025 0.013601
5.7211 0.35242 0.013598
5.8211 0.35459 0.013636
5.9211 0.35676 0.013722
6.0211 0.35893 0.013859
6.1211 0.36111 0.01405
6.2211 0.36329 0.014299
6.3211 0.36547 0.014609
6.4211 0.36766 0.014981
6.5211 0.36985 0.015417
6.6211 0.37204 0.015918
6.7211 0.37423 0.016482
6.8211 0.37642 0.017111
6.9211 0.37862 0.017802
7.0211 0.38082 0.018555
7.1211 0.38301 0.019369
7.2211 0.38521 0.020242
7.3211 0.38741 0.021172
7.4211 0.38961 0.022157
7.5211 0.39182 0.023197
7.6211 0.39402 0.024289
7.7211 0.39622 0.025433
7.8211 0.39842 0.026626
7.9211 0.40062 0.027868
8.0211 0.40283 0.029158
8.1211 0.40503 0.030493
8.2211 0.40723 0.031874
8.3211 0.40943 0.032523
8.4211 0.41162 0.030692
8.5211 0.41379 0.02894
8.6211 0.41595 0.027271
8.7211 0.4181 0.025688
8.8211 0.42023 0.024195
8.9211 0.42235 0.022797
9.0211 0.42445 0.021499
9.1211 0.42654 0.020306
9.2211 0.42861 0.019224
9.3211 0.43067 0.018258
9.4211 0.43271 0.017412
9.5211 0.43474 0.016691
9.6211 0.43675 0.016097
9.7211 0.43874 0.015631
9.8211 0.44072 0.01529
9.9211 0.44268 0.015068
10.021 0.44462 0.01496
10.121 0.44655 0.014955
10.221 0.44846 0.015041
10.321 0.45035 0.015207
10.421 0.45223 0.01544
10.521 0.45409 0.015727
10.621 0.45593 0.016058
10.721 0.45776 0.016422
10.821 0.45956 0.01681
10.921 0.46135 0.017213
11.021 0.46312 0.017626
11.121 0.46488 0.018042
11.221 0.46661 0.018456
11.321 0.46833 0.018864
11.421 0.47003 0.019263
11.521 0.47171 0.019651
11.621 0.47337 0.020025
11.721 0.47501 0.020383
11.821 0.47664 0.020724
11.921 0.47824 0.021047
12.021 0.47983 0.021351
12.121 0.4814 0.021635
12.221 0.48294 0.0219
12.321 0.48447 0.022145
12.421 0.48598 0.022371
12.521 0.48747 0.022576
12.621 0.48895 0.022762
12.721 0.4904 0.022929
12.821 0.49183 0.023077
12.921 0.49324 0.023207
13.021 0.49464 0.023319
13.121 0.49601 0.023415
13.221 0.49737 0.023493
13.321 0.4987 0.023556
13.421 0.50002 0.023603
13.521 0.50131 0.023636
13.621 0.50259 0.023656
13.721 0.50384 0.023662
13.821 0.50508 0.023656
13.921 0.5063 0.023639
14.021 0.5075 0.023612
14.121 0.50867 0.023574
14.221 0.50983 0.023527
14.321 0.51097 0.023472
14.421 0.51209 0.02341
14.521 0.51319 0.02334
14.621 0.51427 0.023265
14.721 0.51533 0.023184
14.821 0.51637 0.023099
14.921 0.51739 0.023009
15.021 0.5184 0.022916
15.121 0.51938 0.022821
15.221 0.52034 0.022723
15.321 0.52129 0.022623
15.421 0.52221 0.022523
15.521 0.52312 0.022422
15.621 0.52401 0.022321
15.721 0.52488 0.022221
15.821 0.52573 0.022121
15.921 0.52656 0.022022
16.021 0.52738 0.021925
16.121 0.52817 0.02183
16.221 0.52895 0.021737
16.321 0.52971 0.021646
16.421 0.53045 0.021557
16.521 0.53118 0.021472
16.621 0.53188 0.021389
16.721 0.53257 0.021308
16.821 0.53324 0.021231
16.921 0.53389 0.021157
17.021 0.53453 0.021085
17.121 0.53515 0.021017
17.221 0.53575 0.020951
17.321 0.53634 0.020888
17.421 0.5369 0.020828
17.521 0.53746 0.020771
17.621 0.53799 0.020716
17.721 0.53851 0.020663
17.821 0.53901 0.020612
17.921 0.5395 0.020564
18.021 0.53997 0.020517
18.121 0.54043 0.020472
18.221 0.54087 0.020428
18.321 0.54129 0.020385
18.421 0.5417 0.020344
18.521 0.5421 0.020303
18.621 0.54248 0.020263
18.721 0.54285 0.020223
18.821 0.5432 0.020183
18.921 0.54353 0.020144
19.021 0.54386 0.020104
19.121 0.54417 0.020064
19.221 0.54446 0.020023
19.321 0.54474 0.019982
19.421 0.54501 0.01994
19.521 0.54527 0.019897
19.621 0.54551 0.019852
19.721 0.54574 0.019807
19.821 0.54595 0.01976
19.921 0.54616 0.019711
