0.059988 0.20348 0.023184
0.15999 0.20678 0.023965
0.25999 0.21015 0.024815
0.35999 0.21357 0.025733
0.45999 0.21706 0.026716
0.55999 0.2206 0.027764
0.65999 0.22418 0.027083
0.75999 0.22776 0.026293
0.85999 0.23134 0.025521
0.95999 0.23491 0.024769
1.06 0.23848 0.024038
1.16 0.24205 0.023328
1.26 0.24562 0.022642
1.36 0.24918 0.021979
1.46 0.25274 0.021342
1.56 0.25629 0.020731
1.66 0.25985 0.020147
1.76 0.2634 0.019592
1.86 0.26695 0.019068
1.96 0.27049 0.018574
2.06 0.27403 0.018113
2.16 0.27756 0.017684
2.26 0.28109 0.01729
2.36 0.28462 0.01693
2.46 0.28814 0.016605
2.56 0.29166 0.016315
2.66 0.29517 0.01606
2.76 0.29868 0.015841
2.86 0.30218 0.015655
2.96 0.30568 0.015503
3.06 0.30917 0.015384
3.16 0.31266 0.015295
3.26 0.31613 0.015235
3.36 0.31961 0.015203
3.46 0.32307 0.015196
3.56 0.32653 0.015212
3.66 0.32998 0.015249
3.76 0.33342 0.015304
3.86 0.33685 0.015375
3.96 0.34028 0.015459
4.06 0.34369 0.015555
4.16 0.3471 0.01566
4.26 0.3505 0.015772
4.36 0.35389 0.015888
4.46 0.35726 0.016006
4.56 0.36063 0.016125
4.66 0.36399 0.016244
4.76 0.36733 0.016359
4.86 0.37066 0.01647
4.96 0.37398 0.016576
5.06 0.37729 0.016674
5.16 0.38058 0.016765
5.26 0.38385 0.016846
5.36 0.38712 0.016918
5.46 0.39037 0.016978
5.56 0.3936 0.017028
5.66 0.39681 0.017065
5.76 0.40001 0.01709
5.86 0.40319 0.017103
5.96 0.40635 0.017102
6.06 0.4095 0.017089
6.16 0.41262 0.017063
6.26 0.41573 0.017025
6.36 0.41881 0.016974
6.46 0.42187 0.016912
6.56 0.42491 0.016838
6.66 0.42792 0.016755
6.76 0.43092 0.016661
6.86 0.43388 0.016559
6.96 0.43682 0.016449
7.06 0.43974 0.016333
7.16 0.44263 0.016213
7.26 0.44549 0.016088
7.36 0.44832 0.015962
7.46 0.45112 0.015836
7.56 0.4539 0.015711
7.66 0.45664 0.01559
7.76 0.45935 0.015474
7.86 0.46203 0.015366
7.96 0.46467 0.015266
8.06 0.46728 0.015177
8.16 0.46986 0.015102
8.26 0.4724 0.01504
8.36 0.4749 0.014994
8.46 0.47737 0.014965
8.56 0.47979 0.014954
8.66 0.48218 0.014963
8.76 0.48453 0.01499
8.86 0.48684 0.015037
8.96 0.48911 0.015103
9.06 0.49134 0.015188
9.16 0.49353 0.015291
9.26 0.49567 0.015412
9.36 0.49777 0.015548
9.46 0.49983 0.015699
9.56 0.50184 0.015862
9.66 0.50381 0.016036
9.76 0.50574 0.016219
9.86 0.50762 0.016409
9.96 0.50945 0.016604
10.06 0.51124 0.016801
10.16 0.51298 0.016999
10.26 0.51468 0.017196
10.36 0.51633 0.01739
10.46 0.51794 0.017579
10.56 0.51949 0.017761
10.66 0.52101 0.017935
10.76 0.52247 0.018099
10.86 0.52389 0.018252
10.96 0.52527 0.018393
11.06 0.52659 0.018521
11.16 0.52788 0.018635
11.26 0.52911 0.018733
11.36 0.53031 0.018817
11.46 0.53146 0.018884
11.56 0.53256 0.018935
11.66 0.53362 0.01897
11.76 0.53464 0.018988
11.86 0.53562 0.01899
11.96 0.53655 0.018976
12.06 0.53744 0.018946
12.16 0.53829 0.0189
12.26 0.53911 0.018839
12.36 0.53988 0.018764
12.46 0.54061 0.018675
12.56 0.54131 0.018573
12.66 0.54197 0.018459
12.76 0.54259 0.018334
12.86 0.54317 0.018198
12.96 0.54372 0.018052
13.06 0.54424 0.017898
13.16 0.54472 0.017737
13.26 0.54517 0.017569
13.36 0.54559 0.017396
13.46 0.54598 0.017218
13.56 0.54634 0.017037
13.66 0.54667 0.016853
13.76 0.54697 0.016668
13.86 0.54724 0.016483
13.96 0.54748 0.016299
14.06 0.5477 0.016116
14.16 0.5479 0.015935
14.26 0.54806 0.015758
14.36 0.54821 0.015584
14.46 0.54833 0.015416
14.56 0.54843 0.015253
14.66 0.54851 0.015096
14.76 0.54856 0.014946
14.86 0.5486 0.014803
14.96 0.54861 0.014667
15.06 0.54861 0.014539
15.16 0.54859 0.01442
15.26 0.54855 0.014308
15.36 0.5485 0.014206
15.46 0.54842 0.014112
15.56 0.54833 0.014026
15.66 0.54823 0.013949
15.76 0.54811 0.01388
15.86 0.54798 0.013819
15.96 0.54783 0.013767
16.06 0.54767 0.013722
16.16 0.5475 0.013685
16.26 0.54731 0.013655
16.36 0.54712 0.013631
16.46 0.54691 0.013614
16.56 0.54669 0.013603
16.66 0.54646 0.013597
16.76 0.54622 0.013597
16.86 0.54598 0.013601
16.96 0.54572 0.013609
17.06 0.54545 0.013622
17.16 0.54517 0.013638
17.26 0.54489 0.013657
17.36 0.5446 0.013679
17.46 0.5443 0.013703
17.56 0.54399 0.013729
17.66 0.54368 0.013757
17.76 0.54336 0.013786
17.86 0.54303 0.013816
17.96 0.5427 0.013846
18.06 0.54236 0.013878
18.16 0.54202 0.013909
18.26 0.54167 0.013941
18.36 0.54132 0.013972
18.46 0.54096 0.014003
18.56 0.54059 0.014033
18.66 0.54022 0.014063
18.76 0.53985 0.014091
18.86 0.53947 0.014119
18.96 0.53909 0.014145
19.06 0.53871 0.01417
19.16 0.53832 0.014194
19.26 0.53792 0.014217
19.36 0.53753 0.014238
19.46 0.53713 0.014257
19.56 0.53673 0.014275
19.66 0.53632 0.014291
19.76 0.53591 0.014306
19.86 0.5355 0.014318
19.96 0.53509 0.01433
