0.0086436 0.10529 0.014905
0.10864 0.10788 0.014848
0.20864 0.11051 0.014799
0.30864 0.11317 0.014757
0.40864 0.11587 0.014723
0.50864 0.1186 0.014696
0.60864 0.12137 0.014674
0.70864 0.12418 0.014659
0.80864 0.12702 0.014649
0.90864 0.12989 0.014644
1.0086 0.1328 0.014643
1.1086 0.13574 0.014645
1.2086 0.13872 0.014651
1.3086 0.14173 0.01466
1.4086 0.14477 0.014671
1.5086 0.14785 0.014683
1.6086 0.15096 0.014698
1.7086 0.15411 0.014714
1.8086 0.15728 0.01473
1.9086 0.16049 0.014748
2.0086 0.16373 0.014768
2.1086 0.167 0.014789
2.2086 0.17031 0.014811
2.3086 0.17364 0.014837
2.4086 0.17701 0.014866
2.5086 0.1804 0.014899
2.6086 0.18383 0.014938
2.7086 0.18728 0.014985
2.8086 0.19077 0.01504
2.9086 0.19428 0.015107
3.0086 0.19783 0.015188
3.1086 0.2014 0.015286
3.2086 0.205 0.015403
3.3086 0.20862 0.015544
3.4086 0.21228 0.015711
3.5086 0.21596 0.015909
3.6086 0.21966 0.016141
3.7086 0.22339 0.016412
3.8086 0.22715 0.016727
3.9086 0.23093 0.017088
4.0086 0.23474 0.0175
4.1086 0.23857 0.017968
4.2086 0.24243 0.018494
4.3086 0.2463 0.019083
4.4086 0.2502 0.019737
4.5086 0.25413 0.020458
4.6086 0.25807 0.02125
4.7086 0.26203 0.022114
4.8086 0.26602 0.023052
4.9086 0.27003 0.024065
5.0086 0.27405 0.025154
5.1086 0.27809 0.02632
5.2086 0.28215 0.027563
5.3086 0.28623 0.028884
5.4086 0.29033 0.030284
5.5086 0.29444 0.031761
5.6086 0.29857 0.033317
5.7086 0.30272 0.034952
5.8086 0.30688 0.035948
5.9086 0.31102 0.033767
6.0086 0.31514 0.031728
6.1086 0.31923 0.029839
6.2086 0.32329 0.028106
6.3086 0.32732 0.026537
6.4086 0.33132 0.025138
6.5086 0.33529 0.023915
6.6086 0.33922 0.022872
6.7086 0.34313 0.02201
6.8086 0.347 0.021325
6.9086 0.35084 0.020813
7.0086 0.35464 0.020462
7.1086 0.35841 0.020261
7.2086 0.36215 0.020192
7.3086 0.36585 0.020237
7.4086 0.36951 0.020377
7.5086 0.37314 0.020594
7.6086 0.37672 0.02087
7.7086 0.38027 0.021189
7.8086 0.38378 0.021536
7.9086 0.38725 0.0219
8.0086 0.39069 0.022268
8.1086 0.39408 0.022633
8.2086 0.39743 0.022987
8.3086 0.40074 0.023324
8.4086 0.404 0.023638
8.5086 0.40723 0.023927
8.6086 0.41041 0.024186
8.7086 0.41355 0.024415
8.8086 0.41664 0.02461
8.9086 0.41969 0.024773
9.0086 0.4227 0.024901
9.1086 0.42566 0.024996
9.2086 0.42857 0.025056
9.3086 0.43144 0.025084
9.4086 0.43427 0.025079
9.5086 0.43705 0.025043
9.6086 0.43978 0.024977
9.7086 0.44246 0.024883
9.8086 0.4451 0.024761
9.9086 0.4477 0.024615
10.009 0.45024 0.024445
10.109 0.45274 0.024253
10.209 0.45519 0.024041
10.309 0.45759 0.023812
10.409 0.45995 0.023567
10.509 0.46226 0.023308
10.609 0.46452 0.023037
10.709 0.46674 0.022756
10.809 0.4689 0.022467
10.909 0.47102 0.022171
11.009 0.4731 0.021872
11.109 0.47512 0.021569
11.209 0.4771 0.021266
11.309 0.47904 0.020964
11.409 0.48093 0.020663
11.509 0.48277 0.020366
11.609 0.48457 0.020074
11.709 0.48632 0.019788
11.809 0.48802 0.019509
11.909 0.48969 0.019238
12.009 0.4913 0.018975
12.109 0.49288 0.018722
12.209 0.49441 0.018479
12.309 0.4959 0.018246
12.409 0.49734 0.018024
12.509 0.49875 0.017812
12.609 0.50011 0.01761
12.709 0.50143 0.017419
12.809 0.50271 0.017239
12.909 0.50395 0.017068
13.009 0.50515 0.016906
13.109 0.50631 0.016754
13.209 0.50744 0.01661
13.309 0.50852 0.016473
13.409 0.50957 0.016344
13.509 0.51059 0.016222
13.609 0.51156 0.016105
13.709 0.5125 0.015993
13.809 0.51341 0.015886
13.909 0.51428 0.015783
14.009 0.51512 0.015683
14.109 0.51593 0.015586
14.209 0.5167 0.01549
14.309 0.51744 0.015397
14.409 0.51815 0.015304
14.509 0.51883 0.015212
14.609 0.51948 0.01512
14.709 0.5201 0.015028
14.809 0.5207 0.014936
14.909 0.52126 0.014842
15.009 0.5218 0.014748
15.109 0.52231 0.014653
15.209 0.52279 0.014556
15.309 0.52325 0.014458
15.409 0.52369 0.014359
15.509 0.5241 0.014258
15.609 0.52448 0.014156
15.709 0.52484 0.014053
15.809 0.52518 0.013948
15.909 0.5255 0.013842
16.009 0.5258 0.013735
16.109 0.52607 0.013627
16.209 0.52633 0.013518
16.309 0.52656 0.013409
16.409 0.52677 0.013299
16.509 0.52697 0.013189
16.609 0.52715 0.013079
16.709 0.52731 0.012969
16.809 0.52745 0.01286
16.909 0.52757 0.012751
17.009 0.52768 0.012643
17.109 0.52777 0.012537
17.209 0.52785 0.012431
17.309 0.52791 0.012327
17.409 0.52795 0.012225
17.509 0.52798 0.012125
17.609 0.528 0.012027
17.709 0.52801 0.011931
17.809 0.528 0.011838
17.909 0.52797 0.011748
18.009 0.52794 0.011661
18.109 0.52789 0.011576
18.209 0.52783 0.011495
18.309 0.52776 0.011417
18.409 0.52768 0.011342
18.509 0.52759 0.011271
18.609 0.52748 0.011203
18.709 0.52737 0.011139
18.809 0.52725 0.011079
18.909 0.52712 0.011022
19.009 0.52697 0.010969
19.109 0.52682 0.01092
19.209 0.52666 0.010875
19.309 0.5265 0.010833
19.409 0.52632 0.010795
19.509 0.52613 0.01076
19.609 0.52594 0.010729
19.709 0.52574 0.010702
19.809 0.52554 0.010678
19.909 0.52532 0.010657
