0.02113 1.041 0.15395
0.12113 1.0417 0.15375
0.22113 1.0424 0.15343
0.32113 1.0429 0.15299
0.42113 1.0435 0.15242
0.52113 1.0439 0.15174
0.62113 1.0444 0.15094
0.72113 1.0447 0.15003
0.82113 1.0451 0.14901
0.92113 1.0454 0.14789
1.0211 1.0457 0.14667
1.1211 1.046 0.14536
1.2211 1.0463 0.14397
1.3211 1.0466 0.14249
1.4211 1.0469 0.14094
1.5211 1.0472 0.13933
1.6211 1.0475 0.13766
1.7211 1.0479 0.13593
1.8211 1.0483 0.13417
1.9211 1.0487 0.13237
2.0211 1.0492 0.13054
2.1211 1.0498 0.1287
2.2211 1.0505 0.12686
2.3211 1.0512 0.12502
2.4211 1.052 0.12319
2.5211 1.053 0.12139
2.6211 1.054 0.11963
2.7211 1.0552 0.11791
2.8211 1.0565 0.11624
2.9211 1.0579 0.11465
3.0211 1.0595 0.11313
3.1211 1.0612 0.11169
3.2211 1.0631 0.11035
3.3211 1.0652 0.10911
3.4211 1.0675 0.10798
3.5211 1.07 0.10696
3.6211 1.0727 0.10607
3.7211 1.0756 0.1053
3.8211 1.0788 0.10465
3.9211 1.0821 0.10413
4.0211 1.0858 0.10374
4.1211 1.0897 0.10347
4.2211 1.0939 0.10331
4.3211 1.0984 0.10327
4.4211 1.1031 0.10334
4.5211 1.1082 0.10351
4.6211 1.1136 0.10376
4.7211 1.1193 0.10409
4.8211 1.1254 0.10449
4.9211 1.1318 0.10495
5.0211 1.1386 0.10545
5.1211 1.1457 0.10598
5.2211 1.1533 0.10654
5.3211 1.1612 0.1071
5.4211 1.1696 0.10766
5.5211 1.1783 0.1082
5.6211 1.1875 0.10871
5.7211 1.1972 0.10919
5.8211 1.2073 0.10961
5.9211 1.2178 0.10998
6.0211 1.2288 0.11028
6.1211 1.2403 0.11051
6.2211 1.2524 0.11066
6.3211 1.2649 0.11072
6.4211 1.2779 0.11069
6.5211 1.2915 0.11057
6.6211 1.3056 0.11036
6.7211 1.3203 0.11006
6.8211 1.3355 0.10966
6.9211 1.3513 0.10919
7.0211 1.3677 0.10863
7.1211 1.3847 0.10802
7.2211 1.4023 0.10735
7.3211 1.4205 0.10666
7.4211 1.4393 0.10595
7.5211 1.4588 0.10527
7.6211 1.479 0.10463
7.7211 1.4998 0.10408
7.8211 1.5212 0.10367
7.9211 1.5434 0.10343
8.0211 1.5662 0.10343
8.1211 1.5898 0.10372
8.2211 1.614 0.10436
8.3211 1.639 0.10541
8.4211 1.6647 0.10693
8.5211 1.6912 0.10899
8.6211 1.7184 0.11163
8.7211 1.7464 0.11491
8.8211 1.7752 0.11885
8.9211 1.8047 0.12349
9.0211 1.835 0.12886
9.1211 1.8661 0.13081
9.2211 1.8967 0.12577
9.3211 1.9266 0.1213
9.4211 1.9557 0.11744
9.5211 1.9842 0.11417
9.6211 2.0119 0.1115
9.7211 2.0389 0.10944
9.8211 2.0653 0.10795
9.9211 2.0909 0.10703
10.021 2.1159 0.10663
10.121 2.1402 0.10673
10.221 2.1639 0.10728
10.321 2.1869 0.10825
10.421 2.2092 0.10957
10.521 2.231 0.11121
10.621 2.2521 0.11312
10.721 2.2726 0.11526
10.821 2.2925 0.11758
10.921 2.3118 0.12006
11.021 2.3305 0.12266
11.121 2.3487 0.12535
11.221 2.3662 0.12811
11.321 2.3833 0.13091
11.421 2.3997 0.13372
11.521 2.4156 0.13655
11.621 2.431 0.13936
11.721 2.4458 0.14214
11.821 2.4601 0.1449
11.921 2.4739 0.1476
12.021 2.4872 0.15025
12.121 2.4999 0.15284
12.221 2.5122 0.15536
12.321 2.524 0.15781
12.421 2.5353 0.16018
12.521 2.5461 0.16246
12.621 2.5565 0.16466
12.721 2.5664 0.16677
12.821 2.5759 0.16879
12.921 2.5849 0.17072
13.021 2.5934 0.17255
13.121 2.6016 0.17429
13.221 2.6093 0.17593
13.321 2.6166 0.17747
13.421 2.6234 0.17891
13.521 2.6299 0.18025
13.621 2.6359 0.1815
13.721 2.6416 0.18264
13.821 2.6469 0.18369
13.921 2.6517 0.18463
14.021 2.6562 0.18548
14.121 2.6604 0.18623
14.221 2.6641 0.18688
14.321 2.6675 0.18743
14.421 2.6706 0.18789
14.521 2.6733 0.18825
14.621 2.6756 0.18852
14.721 2.6776 0.1887
14.821 2.6793 0.18878
14.921 2.6806 0.18877
15.021 2.6816 0.18867
15.121 2.6823 0.18849
15.221 2.6827 0.18821
15.321 2.6828 0.18786
15.421 2.6825 0.18742
15.521 2.682 0.18689
15.621 2.6811 0.18629
15.721 2.68 0.18561
15.821 2.6786 0.18486
15.921 2.6769 0.18403
16.021 2.6749 0.18314
16.121 2.6727 0.18217
16.221 2.6701 0.18114
16.321 2.6674 0.18005
16.421 2.6643 0.1789
16.521 2.661 0.17769
16.621 2.6575 0.17643
16.721 2.6537 0.17512
16.821 2.6496 0.17376
16.921 2.6453 0.17237
17.021 2.6408 0.17093
17.121 2.636 0.16947
17.221 2.631 0.16798
17.321 2.6258 0.16646
17.421 2.6204 0.16493
17.521 2.6147 0.16339
17.621 2.6088 0.16185
17.721 2.6027 0.1603
17.821 2.5964 0.15877
17.921 2.5899 0.15725
18.021 2.5832 0.15576
18.121 2.5763 0.1543
18.221 2.5692 0.15287
18.321 2.5619 0.1515
18.421 2.5545 0.15019
18.521 2.5468 0.14895
18.621 2.5389 0.14778
18.721 2.5309 0.1467
18.821 2.5227 0.14573
18.921 2.5143 0.14486
19.021 2.5058 0.14411
19.121 2.497 0.1435
19.221 2.4881 0.14303
19.321 2.4791 0.14271
19.421 2.4699 0.14256
19.521 2.4605 0.14258
19.621 2.451 0.14278
19.721 2.4413 0.14317
19.821 2.4315 0.14376
19.921 2.4215 0.14456
