0.059988 0.87894 0.16549
0.15999 0.88781 0.16391
0.25999 0.89731 0.16199
0.35999 0.90746 0.15972
0.45999 0.91832 0.15713
0.55999 0.92989 0.15422
0.65999 0.94224 0.15104
0.75999 0.95537 0.14764
0.85999 0.96933 0.14411
0.95999 0.98416 0.14056
1.06 0.99987 0.13714
1.16 1.0165 0.13405
1.26 1.0341 0.13155
1.36 1.0527 0.12992
1.46 1.0723 0.12952
1.56 1.093 0.13068
1.66 1.1147 0.13376
1.76 1.1375 0.13901
1.86 1.1615 0.14664
1.96 1.1866 0.15673
2.06 1.212 0.14993
2.16 1.2365 0.14338
2.26 1.2602 0.13727
2.36 1.2831 0.13159
2.46 1.3053 0.12631
2.56 1.3267 0.12141
2.66 1.3475 0.11687
2.76 1.3676 0.11268
2.86 1.387 0.10882
2.96 1.4058 0.10526
3.06 1.424 0.102
3.16 1.4415 0.09902
3.26 1.4586 0.096298
3.36 1.475 0.093823
3.46 1.491 0.09158
3.56 1.5064 0.089556
3.66 1.5213 0.087737
3.76 1.5358 0.08611
3.86 1.5498 0.084661
3.96 1.5633 0.083379
4.06 1.5764 0.082252
4.16 1.5891 0.081267
4.26 1.6015 0.080413
4.36 1.6134 0.079681
4.46 1.6249 0.079059
4.56 1.6362 0.078537
4.66 1.647 0.078106
4.76 1.6576 0.077758
4.86 1.6678 0.077483
4.96 1.6777 0.077275
5.06 1.6873 0.077124
5.16 1.6967 0.077025
5.26 1.7057 0.076971
5.36 1.7146 0.076956
5.46 1.7231 0.076975
5.56 1.7314 0.077021
5.66 1.7395 0.077091
5.76 1.7474 0.077179
5.86 1.755 0.077283
5.96 1.7625 0.077398
6.06 1.7697 0.077521
6.16 1.7767 0.077649
6.26 1.7836 0.077779
6.36 1.7903 0.077909
6.46 1.7968 0.078037
6.56 1.8032 0.07816
6.66 1.8093 0.078278
6.76 1.8154 0.078387
6.86 1.8213 0.078488
6.96 1.8271 0.078579
7.06 1.8327 0.078658
7.16 1.8382 0.078726
7.26 1.8436 0.07878
7.36 1.8488 0.078822
7.46 1.8539 0.07885
7.56 1.859 0.078864
7.66 1.8639 0.078863
7.76 1.8687 0.078849
7.86 1.8735 0.07882
7.96 1.8781 0.078776
8.06 1.8826 0.078718
8.16 1.8871 0.078647
8.26 1.8915 0.078562
8.36 1.8958 0.078463
8.46 1.9 0.078351
8.56 1.9041 0.078227
8.66 1.9082 0.078091
8.76 1.9122 0.077943
8.86 1.9162 0.077785
8.96 1.92 0.077617
9.06 1.9239 0.077439
9.16 1.9276 0.077252
9.26 1.9313 0.077057
9.36 1.935 0.076855
9.46 1.9386 0.076647
9.56 1.9421 0.076433
9.66 1.9456 0.076214
9.76 1.9491 0.075992
9.86 1.9525 0.075767
9.96 1.9559 0.075539
10.06 1.9592 0.075311
10.16 1.9625 0.075083
10.26 1.9658 0.074856
10.36 1.969 0.074631
10.46 1.9722 0.074409
10.56 1.9754 0.074191
10.66 1.9785 0.073977
10.76 1.9816 0.07377
10.86 1.9847 0.07357
10.96 1.9877 0.073378
11.06 1.9908 0.073195
11.16 1.9938 0.073023
11.26 1.9967 0.072861
11.36 1.9997 0.072712
11.46 2.0026 0.072575
11.56 2.0055 0.072453
11.66 2.0084 0.072346
11.76 2.0112 0.072255
11.86 2.0141 0.072181
11.96 2.0169 0.072124
12.06 2.0197 0.072087
12.16 2.0225 0.072068
12.26 2.0253 0.072071
12.36 2.028 0.072094
12.46 2.0308 0.072139
12.56 2.0335 0.072206
12.66 2.0362 0.072296
12.76 2.0389 0.072411
12.86 2.0416 0.072549
12.96 2.0443 0.072712
13.06 2.0469 0.072901
13.16 2.0496 0.073115
13.26 2.0522 0.073355
13.36 2.0548 0.073622
13.46 2.0575 0.073915
13.56 2.0601 0.074235
13.66 2.0627 0.074582
13.76 2.0653 0.074956
13.86 2.0679 0.075358
13.96 2.0704 0.075786
14.06 2.073 0.076242
14.16 2.0756 0.076725
14.26 2.0781 0.077235
14.36 2.0807 0.077772
14.46 2.0832 0.078335
14.56 2.0858 0.078926
14.66 2.0883 0.079542
14.76 2.0908 0.080184
14.86 2.0933 0.080852
14.96 2.0958 0.081546
15.06 2.0984 0.082264
15.16 2.1009 0.083007
15.26 2.1034 0.083775
15.36 2.1058 0.084566
15.46 2.1083 0.08538
15.56 2.1108 0.086218
15.66 2.1133 0.087077
15.76 2.1158 0.08796
15.86 2.1183 0.088863
15.96 2.1207 0.089788
16.06 2.1232 0.090733
16.16 2.1257 0.091699
16.26 2.1281 0.092684
16.36 2.1306 0.093689
16.46 2.133 0.094712
16.56 2.1355 0.095754
16.66 2.1379 0.096813
16.76 2.1404 0.09789
16.86 2.1428 0.098984
16.96 2.1453 0.10009
17.06 2.1477 0.10122
17.16 2.1501 0.10236
17.26 2.1526 0.10352
17.36 2.155 0.10469
17.46 2.1574 0.10588
17.56 2.1599 0.10708
17.66 2.1623 0.10829
17.76 2.1647 0.10952
17.86 2.1671 0.11076
17.96 2.1696 0.11201
18.06 2.172 0.11327
18.16 2.1744 0.11455
18.26 2.1768 0.11584
18.36 2.1792 0.11714
18.46 2.1817 0.11845
18.56 2.1841 0.11977
18.66 2.1865 0.1211
18.76 2.1889 0.12244
18.86 2.1913 0.12379
18.96 2.1937 0.12514
19.06 2.1961 0.12651
19.16 2.1985 0.12789
19.26 2.2009 0.12927
19.36 2.2034 0.13067
19.46 2.2058 0.13207
19.56 2.2082 0.13348
19.66 2.2106 0.13489
19.76 2.213 0.13632
19.86 2.2154 0.13775
19.96 2.2178 0.13919
