0.0086436 0.5591 0.1
0.10864 0.56614 0.1
0.20864 0.57344 0.1
0.30864 0.581 0.1
0.40864 0.58883 0.1
0.50864 0.59695 0.1
0.60864 0.60536 0.1
0.70864 0.61409 0.1
0.80864 0.62314 0.1
0.90864 0.63253 0.1
1.0086 0.64228 0.1
1.1086 0.65238 0.1
1.2086 0.66287 0.1
1.3086 0.67376 0.1
1.4086 0.68505 0.1
1.5086 0.69677 0.1
1.6086 0.70894 0.1
1.7086 0.72156 0.1
1.8086 0.73465 0.1
1.9086 0.74823 0.1
2.0086 0.76231 0.1
2.1086 0.77692 0.1
2.2086 0.79207 0.1
2.3086 0.80777 0.1
2.4086 0.82404 0.1
2.5086 0.84091 0.1
2.6086 0.85838 0.1
2.7086 0.87648 0.1
2.8086 0.89522 0.1
2.9086 0.91463 0.1
3.0086 0.93472 0.1
3.1086 0.95551 0.1
3.2086 0.97701 0.1
3.3086 0.99925 0.1
3.4086 1.0223 0.1
3.5086 1.046 0.1
3.6086 1.0706 0.1
3.7086 1.096 0.1
3.8086 1.1222 0.1
3.9086 1.1493 0.1
4.0086 1.1772 0.1
4.1086 1.2061 0.1
4.2086 1.2358 0.1
4.3086 1.2665 0.1
4.4086 1.2982 0.1
4.5086 1.3308 0.1
4.6086 1.3644 0.1
4.7086 1.3991 0.1
4.8086 1.4348 0.1
4.9086 1.4715 0.1
5.0086 1.5093 0.1
5.1086 1.5482 0.1
5.2086 1.5883 0.1
5.3086 1.6295 0.1
5.4086 1.6718 0.1
5.5086 1.7154 0.1
5.6086 1.7602 0.1
5.7086 1.8061 0.1
5.8086 1.8534 0.1
5.9086 1.9019 0.1
6.0086 1.9517 0.1
6.1086 2.0028 0.1
6.2086 2.0553 0.1
6.3086 2.1091 0.1
6.4086 2.1644 0.1
6.5086 2.2206 0.1
6.6086 2.2746 0.1
6.7086 2.3256 0.1
6.8086 2.3737 0.1
6.9086 2.4188 0.1
7.0086 2.4611 0.1
7.1086 2.5005 0.1
7.2086 2.537 0.1
7.3086 2.5706 0.1
7.4086 2.6015 0.1
7.5086 2.6295 0.1
7.6086 2.6548 0.1
7.7086 2.6773 0.1
7.8086 2.6971 0.1
7.9086 2.7142 0.1
8.0086 2.7286 0.1
8.1086 2.7404 0.1
8.2086 2.7495 0.1
8.3086 2.756 0.1
8.4086 2.7598 0.1
8.5086 2.7611 0.1
8.6086 2.7599 0.1
8.7086 2.7561 0.1
8.8086 2.7498 0.1
8.9086 2.741 0.1
9.0086 2.7297 0.1
9.1086 2.716 0.1
9.2086 2.6999 0.1
9.3086 2.6813 0.1
