0.013259 0.39875 0.053797
0.11326 0.40275 0.053506
0.21326 0.40682 0.053208
0.31326 0.41094 0.052904
0.41326 0.41514 0.052595
0.51326 0.4194 0.052281
0.61326 0.42372 0.051964
0.71326 0.42811 0.051643
0.81326 0.43256 0.05132
0.91326 0.43707 0.050996
1.0133 0.44165 0.050672
1.1133 0.4463 0.05035
1.2133 0.451 0.050029
1.3133 0.45578 0.049713
1.4133 0.46061 0.049402
1.5133 0.46551 0.049097
1.6133 0.47047 0.048801
1.7133 0.4755 0.048515
1.8133 0.48059 0.048241
1.9133 0.48574 0.04798
2.0133 0.49096 0.047736
2.1133 0.49624 0.047511
2.2133 0.50158 0.047306
2.3133 0.50699 0.047124
2.4133 0.51246 0.046967
2.5133 0.51799 0.046839
2.6133 0.52358 0.046742
2.7133 0.52924 0.046679
2.8133 0.53496 0.046653
2.9133 0.54074 0.046667
3.0133 0.54658 0.046723
3.1133 0.55249 0.046826
3.2133 0.55845 0.046977
3.3133 0.56448 0.047181
3.4133 0.57057 0.047439
3.5133 0.57672 0.047756
3.6133 0.58293 0.048133
3.7133 0.58921 0.048574
3.8133 0.59554 0.049081
3.9133 0.60194 0.049656
4.0133 0.60839 0.050302
4.1133 0.61491 0.051021
4.2133 0.62148 0.051815
4.3133 0.62812 0.052686
4.4133 0.63481 0.053635
4.5133 0.64156 0.054663
4.6133 0.64838 0.055772
4.7133 0.65525 0.056963
4.8133 0.66218 0.058237
4.9133 0.66917 0.059594
5.0133 0.67621 0.061035
5.1133 0.68332 0.062561
5.2133 0.69048 0.064173
5.3133 0.6977 0.06587
5.4133 0.70498 0.067654
5.5133 0.71231 0.069524
5.6133 0.71971 0.071481
5.7133 0.72715 0.073525
5.8133 0.73466 0.075657
5.9133 0.74221 0.077877
6.0133 0.74983 0.080185
6.1133 0.7575 0.082583
6.2133 0.76522 0.085069
6.3133 0.773 0.087646
6.4133 0.78083 0.090313
6.5133 0.78872 0.093071
6.6133 0.79665 0.095922
6.7133 0.80465 0.098864
6.8133 0.81269 0.1019
6.9133 0.82078 0.10503
7.0133 0.82893 0.10825
7.1133 0.83713 0.11158
7.2133 0.84538 0.11499
7.3133 0.85368 0.11851
7.4133 0.86202 0.1177
7.5133 0.87035 0.11319
7.6133 0.87866 0.10886
7.7133 0.88695 0.10472
7.8133 0.89522 0.10079
7.9133 0.90348 0.097078
8.0133 0.91171 0.093585
8.1133 0.91993 0.090322
8.2133 0.92812 0.087298
8.3133 0.93629 0.084519
8.4133 0.94444 0.081991
8.5133 0.95256 0.079718
8.6133 0.96066 0.077703
8.7133 0.96874 0.075947
8.8133 0.97679 0.074448
8.9133 0.98482 0.073201
9.0133 0.99282 0.072199
9.1133 1.0008 0.071431
9.2133 1.0087 0.070886
9.3133 1.0167 0.07055
9.4133 1.0245 0.070405
9.5133 1.0324 0.070434
9.6133 1.0402 0.07062
9.7133 1.048 0.070942
9.8133 1.0558 0.071382
9.9133 1.0635 0.071922
10.013 1.0712 0.072544
10.113 1.0789 0.073231
10.213 1.0865 0.073968
10.313 1.0941 0.074739
10.413 1.1016 0.075532
10.513 1.1092 0.076334
10.613 1.1166 0.077135
10.713 1.1241 0.077924
10.813 1.1315 0.078693
10.913 1.1388 0.079435
11.013 1.1461 0.080143
11.113 1.1534 0.080811
11.213 1.1606 0.081434
11.313 1.1678 0.082009
11.413 1.1749 0.082532
11.513 1.182 0.083001
11.613 1.189 0.083414
11.713 1.196 0.08377
11.813 1.2029 0.084069
11.913 1.2098 0.084309
12.013 1.2166 0.084493
12.113 1.2234 0.08462
12.213 1.2301 0.084693
12.313 1.2368 0.084713
12.413 1.2434 0.084683
12.513 1.2499 0.084605
12.613 1.2564 0.084484
12.713 1.2628 0.084322
12.813 1.2691 0.084124
12.913 1.2754 0.083895
13.013 1.2817 0.083638
13.113 1.2878 0.083359
13.213 1.2939 0.083063
13.313 1.2999 0.082757
13.413 1.3059 0.082445
13.513 1.3118 0.082133
13.613 1.3176 0.081828
13.713 1.3234 0.081536
13.813 1.329 0.081262
13.913 1.3346 0.081014
14.013 1.3402 0.080795
14.113 1.3456 0.080614
14.213 1.351 0.080473
14.313 1.3563 0.08038
14.413 1.3615 0.080338
14.513 1.3666 0.080351
14.613 1.3717 0.080423
14.713 1.3766 0.080557
14.813 1.3815 0.080754
14.913 1.3863 0.081018
15.013 1.391 0.081347
15.113 1.3957 0.081743
15.213 1.4002 0.082205
15.313 1.4047 0.082731
15.413 1.409 0.08332
15.513 1.4133 0.083968
15.613 1.4175 0.084672
15.713 1.4216 0.085429
15.813 1.4256 0.086234
15.913 1.4296 0.087083
16.013 1.4334 0.08797
16.113 1.4372 0.088891
16.213 1.4408 0.089839
16.313 1.4444 0.09081
16.413 1.4478 0.091798
16.513 1.4512 0.092796
16.613 1.4545 0.093801
16.713 1.4577 0.094805
16.813 1.4608 0.095804
16.913 1.4638 0.096793
17.013 1.4667 0.097766
17.113 1.4695 0.098718
17.213 1.4722 0.099646
17.313 1.4748 0.10054
17.413 1.4774 0.10141
17.513 1.4798 0.10224
17.613 1.4821 0.10303
17.713 1.4844 0.10377
17.813 1.4866 0.10447
17.913 1.4886 0.10512
18.013 1.4906 0.10572
18.113 1.4925 0.10626
18.213 1.4943 0.10675
18.313 1.496 0.10718
18.413 1.4976 0.10756
18.513 1.4991 0.10788
18.613 1.5006 0.10814
18.713 1.5019 0.10834
18.813 1.5032 0.10848
18.913 1.5044 0.10856
19.013 1.5055 0.10859
19.113 1.5065 0.10856
19.213 1.5074 0.10847
19.313 1.5082 0.10833
19.413 1.509 0.10813
19.513 1.5097 0.10788
19.613 1.5103 0.10758
19.713 1.5108 0.10724
19.813 1.5112 0.10685
19.913 1.5116 0.10641
