0.086865 0.11049 NaN
0.18686 0.11542 NaN
0.28686 0.12046 NaN
0.38686 0.12561 NaN
0.48686 0.13087 NaN
0.58686 0.13623 NaN
0.68686 0.14167 NaN
0.78686 0.1472 NaN
0.88686 0.15281 NaN
0.98686 0.15848 NaN
1.0869 0.16422 NaN
1.1869 0.17001 NaN
1.2869 0.17584 NaN
1.3869 0.18172 NaN
1.4869 0.18763 NaN
1.5869 0.19357 NaN
1.6869 0.19953 0.050292
1.7869 0.2055 0.04991
1.8869 0.21147 0.049528
1.9869 0.21745 0.049147
2.0869 0.22342 0.048767
2.1869 0.2294 0.048388
2.2869 0.23537 0.04801
2.3869 0.24134 0.047633
2.4869 0.24732 0.047258
2.5869 0.25329 0.046883
2.6869 0.25927 0.04651
2.7869 0.26524 0.046139
2.8869 0.27122 0.045768
2.9869 0.27719 0.045399
3.0869 0.28317 0.045032
3.1869 0.28914 0.044666
3.2869 0.29512 0.044301
3.3869 0.30109 0.043938
3.4869 0.30707 0.043576
3.5869 0.31304 0.043216
3.6869 0.31902 0.042858
3.7869 0.32499 0.042501
3.8869 0.33097 0.042146
3.9869 0.33694 0.041792
4.0869 0.34291 0.041441
4.1869 0.34889 0.041091
4.2869 0.35486 0.040743
4.3869 0.36084 0.040397
4.4869 0.36681 0.040054
4.5869 0.37279 0.039712
4.6869 0.37876 0.039372
4.7869 0.38474 0.039034
4.8869 0.39071 0.038699
4.9869 0.39669 0.038365
5.0869 0.40266 0.038035
5.1869 0.40864 0.037706
5.2869 0.41461 0.03738
5.3869 0.42059 0.037056
5.4869 0.42656 0.036735
5.5869 0.43253 0.036417
5.6869 0.43851 0.036101
5.7869 0.44448 0.035788
5.8869 0.45046 0.035478
5.9869 0.45643 0.035171
6.0869 0.46241 0.034867
6.1869 0.46838 0.034566
6.2869 0.47436 0.034268
6.3869 0.48033 0.033974
6.4869 0.48631 0.033682
6.5869 0.49228 0.033394
6.6869 0.49826 0.03311
6.7869 0.50423 0.032829
6.8869 0.51021 0.032552
6.9869 0.51618 0.032279
7.0869 0.52216 0.032009
7.1869 0.52813 0.031744
7.2869 0.5341 0.031483
7.3869 0.54008 0.031226
7.4869 0.54605 0.030973
7.5869 0.55203 0.030724
7.6869 0.558 0.03048
7.7869 0.56398 0.030241
7.8869 0.56995 0.030006
7.9869 0.57593 0.029776
8.0869 0.5819 0.029552
8.1869 0.58788 0.029332
8.2869 0.59385 0.029117
8.3869 0.59983 0.028908
8.4869 0.6058 0.028704
8.5869 0.61178 0.028506
8.6869 0.61775 0.028313
8.7869 0.62372 0.028126
8.8869 0.6297 0.027945
8.9869 0.63567 0.02777
9.0869 0.64165 0.027601
9.1869 0.64762 0.027438
9.2869 0.6536 0.027281
9.3869 0.65957 0.027131
9.4869 0.66555 0.026988
9.5869 0.67152 0.026851
9.6869 0.6775 0.026721
9.7869 0.68347 0.026597
9.8869 0.68945 0.026481
9.9869 0.69542 0.026372
10.087 0.7014 0.026269
10.187 0.70737 0.026174
10.287 0.71335 0.026087
10.387 0.71932 0.026006
10.487 0.72529 0.025933
10.587 0.73127 0.025868
10.687 0.73724 0.02581
10.787 0.74322 0.02576
10.887 0.74919 0.025717
10.987 0.75517 0.025682
11.087 0.76114 0.025655
11.187 0.76712 0.025635
11.287 0.77309 0.025624
11.387 0.77907 0.02562
11.487 0.78504 0.025623
11.587 0.79102 0.025635
11.687 0.79699 0.025654
11.787 0.80297 0.025681
11.887 0.80894 0.025716
11.987 0.81492 0.025758
12.087 0.82089 0.025809
12.187 0.82686 0.025866
12.287 0.83284 0.025931
12.387 0.83881 0.026004
12.487 0.84479 0.026084
12.587 0.85076 0.026172
12.687 0.85674 0.026266
12.787 0.86271 0.026368
12.887 0.86869 0.026477
12.987 0.87466 0.026594
13.087 0.88064 0.026717
13.187 0.88661 0.026847
13.287 0.89259 0.026983
13.387 0.89856 0.027127
13.487 0.90454 0.027276
13.587 0.91051 0.027433
13.687 0.91648 0.027595
13.787 0.92246 0.027764
13.887 0.92843 0.027939
13.987 0.93441 0.02812
14.087 0.94038 0.028307
14.187 0.94636 0.0285
14.287 0.95233 0.028698
14.387 0.95831 0.028902
14.487 0.96428 0.029111
14.587 0.97026 0.029325
14.687 0.97623 0.029545
14.787 0.98221 0.029769
14.887 0.98818 0.029999
14.987 0.99416 0.030234
15.087 1.0001 0.030473
15.187 1.0061 0.030717
15.287 1.0121 0.030965
15.387 1.0181 0.031218
15.487 1.024 0.031475
15.587 1.03 0.031736
15.687 1.036 0.032001
15.787 1.042 0.032271
15.887 1.0479 0.032544
15.987 1.0539 0.032821
16.087 1.0599 0.033101
16.187 1.0659 0.033386
16.287 1.0718 0.033673
16.387 1.0778 0.033965
16.487 1.0838 0.034259
16.587 1.0898 0.034557
16.687 1.0957 0.034858
16.787 1.1017 0.035162
16.887 1.1077 0.035469
16.987 1.1136 0.035779
17.087 1.1196 0.036092
17.187 1.1256 0.036407
17.287 1.1316 0.036726
17.387 1.1375 0.037046
17.487 1.1435 0.03737
17.587 1.1495 0.037696
17.687 1.1555 0.038024
17.787 1.1614 0.038355
17.887 1.1674 0.038688
17.987 1.1734 0.039024
18.087 1.1794 0.039361
18.187 1.1853 0.039701
18.287 1.1913 0.040043
18.387 1.1973 0.040387
18.487 1.2033 0.040733
18.587 1.2092 0.04108
18.687 1.2152 0.04143
18.787 1.2212 0.041782
18.887 1.2272 0.042135
18.987 1.2331 0.04249
19.087 1.2391 0.042847
19.187 1.2451 0.043205
19.287 1.2511 0.043565
19.387 1.257 0.043927
19.487 1.263 0.04429
19.587 1.269 0.044654
19.687 1.275 0.045021
19.787 1.2809 0.045388
19.887 1.2869 0.045757
19.987 1.2929 0.046127
