0.034342 0.17428 0.054668
0.13434 0.17753 0.055103
0.23434 0.18081 0.055554
0.33434 0.18412 0.056019
0.43434 0.18747 0.056497
0.53434 0.19085 0.056986
0.63434 0.19427 0.057483
0.73434 0.19773 0.057989
0.83434 0.20124 0.058499
0.93434 0.20479 0.059013
1.0343 0.2084 0.059528
1.1343 0.21205 0.060042
1.2343 0.21576 0.060553
1.3343 0.21953 0.061059
1.4343 0.22336 0.061559
1.5343 0.22725 0.062049
1.6343 0.2312 0.062528
1.7343 0.23523 0.062993
1.8343 0.23932 0.063443
1.9343 0.24349 0.063875
2.0343 0.24774 0.064288
2.1343 0.25207 0.064679
2.2343 0.25649 0.065046
2.3343 0.26099 0.065388
2.4343 0.26558 0.065702
2.5343 0.27027 0.065987
2.6343 0.27505 0.066241
2.7343 0.27993 0.066463
2.8343 0.28492 0.066649
2.9343 0.29001 0.0668
3.0343 0.29521 0.066913
3.1343 0.30053 0.066987
3.2343 0.30596 0.067021
3.3343 0.31152 0.067014
3.4343 0.3172 0.066963
3.5343 0.323 0.066869
3.6343 0.32894 0.06673
3.7343 0.33501 0.066546
3.8343 0.34121 0.066317
3.9343 0.34756 0.066041
4.0343 0.35406 0.065719
4.1343 0.3607 0.06535
4.2343 0.36749 0.064936
4.3343 0.37444 0.064476
4.4343 0.38154 0.063972
4.5343 0.38881 0.063425
4.6343 0.39625 0.062836
4.7343 0.40385 0.062208
4.8343 0.41163 0.061543
4.9343 0.41958 0.060845
5.0343 0.42771 0.060117
5.1343 0.43603 0.059364
5.2343 0.44453 0.058592
5.3343 0.45323 0.057807
5.4343 0.46211 0.057015
5.5343 0.4712 0.056227
5.6343 0.48048 0.05545
5.7343 0.48997 0.054697
5.8343 0.49966 0.05398
5.9343 0.50957 0.053313
6.0343 0.51969 0.052711
6.1343 0.53003 0.052192
6.2343 0.54059 0.051772
6.3343 0.55137 0.051472
6.4343 0.56239 0.051312
6.5343 0.57363 0.05131
6.6343 0.58511 0.051489
6.7343 0.59682 0.051866
6.8343 0.60878 0.052458
6.9343 0.62098 0.053282
7.0343 0.63343 0.054349
7.1343 0.64613 0.055668
7.2343 0.65908 0.057248
7.3343 0.67229 0.059091
7.4343 0.68576 0.060683
7.5343 0.69917 0.059557
7.6343 0.71236 0.05847
7.7343 0.72532 0.057421
7.8343 0.73806 0.056409
7.9343 0.75059 0.055433
8.0343 0.76291 0.054492
8.1343 0.77501 0.053583
8.2343 0.78691 0.052707
8.3343 0.7986 0.051861
8.4343 0.81009 0.051044
8.5343 0.82138 0.050256
8.6343 0.83247 0.049495
8.7343 0.84338 0.04876
8.8343 0.85409 0.04805
8.9343 0.86461 0.047365
9.0343 0.87495 0.046702
9.1343 0.8851 0.046061
9.2343 0.89508 0.045442
9.3343 0.90488 0.044843
9.4343 0.9145 0.044263
9.5343 0.92396 0.043702
9.6343 0.93324 0.043159
9.7343 0.94236 0.042634
9.8343 0.95131 0.042124
9.9343 0.9601 0.04163
10.034 0.96873 0.041152
10.134 0.97721 0.040688
10.234 0.98552 0.040238
10.334 0.99369 0.039801
10.434 1.0017 0.039377
10.534 1.0096 0.038965
10.634 1.0173 0.038565
10.734 1.0249 0.038177
10.834 1.0323 0.037799
10.934 1.0396 0.037433
11.034 1.0468 0.037076
11.134 1.0538 0.036729
11.234 1.0607 0.036392
11.334 1.0675 0.036064
11.434 1.0741 0.035744
11.534 1.0807 0.035434
11.634 1.087 0.035132
11.734 1.0933 0.034838
11.834 1.0995 0.034551
11.934 1.1055 0.034273
12.034 1.1114 0.034002
12.134 1.1172 0.033738
12.234 1.1229 0.033481
12.334 1.1285 0.033232
12.434 1.1339 0.032989
12.534 1.1393 0.032752
12.634 1.1445 0.032522
12.734 1.1497 0.032299
12.834 1.1547 0.032082
12.934 1.1597 0.031871
13.034 1.1645 0.031665
13.134 1.1693 0.031466
13.234 1.174 0.031273
13.334 1.1785 0.031085
13.434 1.183 0.030903
13.534 1.1874 0.030726
13.634 1.1917 0.030555
13.734 1.1959 0.030389
13.834 1.2 0.030229
13.934 1.204 0.030073
14.034 1.208 0.029923
14.134 1.2118 0.029778
14.234 1.2156 0.029638
14.334 1.2193 0.029502
14.434 1.2229 0.029372
14.534 1.2265 0.029246
14.634 1.23 0.029124
14.734 1.2334 0.029008
14.834 1.2367 0.028896
14.934 1.24 0.028788
15.034 1.2431 0.028685
15.134 1.2463 0.028585
15.234 1.2493 0.02849
15.334 1.2523 0.0284
15.434 1.2552 0.028313
15.534 1.2581 0.02823
15.634 1.2608 0.028151
15.734 1.2636 0.028076
15.834 1.2662 0.028005
15.934 1.2688 0.027937
16.034 1.2714 0.027872
16.134 1.2739 0.027812
16.234 1.2763 0.027754
16.334 1.2787 0.0277
16.434 1.281 0.027649
16.534 1.2833 0.027601
16.634 1.2855 0.027557
16.734 1.2876 0.027515
16.834 1.2897 0.027476
16.934 1.2918 0.02744
17.034 1.2938 0.027406
17.134 1.2957 0.027375
17.234 1.2977 0.027347
17.334 1.2995 0.027321
17.434 1.3013 0.027297
17.534 1.3031 0.027276
17.634 1.3048 0.027257
17.734 1.3065 0.02724
17.834 1.3081 0.027225
17.934 1.3097 0.027212
18.034 1.3113 0.027201
18.134 1.3128 0.027191
18.234 1.3143 0.027183
18.334 1.3157 0.027177
18.434 1.3171 0.027172
18.534 1.3185 0.027169
18.634 1.3198 0.027167
18.734 1.3211 0.027167
18.834 1.3223 0.027168
18.934 1.3235 0.027169
19.034 1.3247 0.027172
19.134 1.3258 0.027176
19.234 1.3269 0.027181
19.334 1.328 0.027187
19.434 1.329 0.027194
19.534 1.33 0.027201
19.634 1.331 0.027209
19.734 1.332 0.027218
19.834 1.3329 0.027227
19.934 1.3338 0.027237
