0.0086436 -0.092721 0.038071
0.10864 -0.089913 0.037836
0.20864 -0.087058 0.037597
0.30864 -0.084155 0.037355
0.40864 -0.081205 0.037112
0.50864 -0.078208 0.036868
0.60864 -0.075164 0.036625
0.70864 -0.072072 0.036383
0.80864 -0.068932 0.036144
0.90864 -0.065746 0.03591
1.0086 -0.062512 0.035682
1.1086 -0.059232 0.035462
1.2086 -0.055904 0.035251
1.3086 -0.052528 0.03505
1.4086 -0.049106 0.034863
1.5086 -0.045637 0.034691
1.6086 -0.04212 0.034535
1.7086 -0.038557 0.034398
1.8086 -0.034946 0.034283
1.9086 -0.031289 0.03419
2.0086 -0.027585 0.034124
2.1086 -0.023833 0.034085
2.2086 -0.020035 0.034077
2.3086 -0.01619 0.034101
2.4086 -0.012298 0.034159
2.5086 -0.0083596 0.034255
2.6086 -0.0043743 0.03439
2.7086 -0.00034236 0.034566
2.8086 0.0037362 0.034786
2.9086 0.0078614 0.03505
3.0086 0.012033 0.035361
3.1086 0.016251 0.03572
3.2086 0.020516 0.036129
3.3086 0.024827 0.036589
3.4086 0.029184 0.0371
3.5086 0.033587 0.037663
3.6086 0.038037 0.03828
3.7086 0.042533 0.03895
3.8086 0.047074 0.039674
3.9086 0.051662 0.040452
4.0086 0.056296 0.041284
4.1086 0.060975 0.042169
4.2086 0.0657 0.043108
4.3086 0.070471 0.0441
4.4086 0.075287 0.045146
4.5086 0.080149 0.046243
4.6086 0.085056 0.047392
4.7086 0.090008 0.048593
4.8086 0.095006 0.049845
4.9086 0.10005 0.051147
5.0086 0.10514 0.052498
5.1086 0.11027 0.053899
5.2086 0.11544 0.055349
5.3086 0.12066 0.05549
5.4086 0.12588 0.054111
5.5086 0.1311 0.052813
5.6086 0.13631 0.051598
5.7086 0.14152 0.050468
5.8086 0.14672 0.049428
5.9086 0.15192 0.048479
6.0086 0.15712 0.047624
6.1086 0.16231 0.046864
6.2086 0.1675 0.046199
6.3086 0.17268 0.045631
6.4086 0.17786 0.045159
6.5086 0.18303 0.044781
6.6086 0.1882 0.044497
6.7086 0.19336 0.044302
6.8086 0.19851 0.044195
6.9086 0.20366 0.04417
7.0086 0.2088 0.044225
7.1086 0.21394 0.044352
7.2086 0.21907 0.044547
7.3086 0.22419 0.044805
7.4086 0.2293 0.045119
7.5086 0.23441 0.045484
7.6086 0.2395 0.045893
7.7086 0.24459 0.04634
7.8086 0.24967 0.046819
7.9086 0.25474 0.047325
8.0086 0.2598 0.047852
8.1086 0.26485 0.048394
8.2086 0.26989 0.048947
8.3086 0.27492 0.049505
8.4086 0.27994 0.050064
8.5086 0.28494 0.05062
8.6086 0.28994 0.051168
8.7086 0.29492 0.051705
8.8086 0.29988 0.052226
8.9086 0.30484 0.052729
9.0086 0.30978 0.053211
9.1086 0.3147 0.053668
9.2086 0.31961 0.054097
9.3086 0.3245 0.054497
9.4086 0.32938 0.054865
9.5086 0.33424 0.055199
9.6086 0.33908 0.055496
9.7086 0.3439 0.055757
9.8086 0.3487 0.055977
9.9086 0.35348 0.056158
10.009 0.35825 0.056297
10.109 0.36299 0.056393
10.209 0.36771 0.056446
10.309 0.3724 0.056456
10.409 0.37707 0.056421
10.509 0.38172 0.056343
10.609 0.38634 0.05622
10.709 0.39094 0.056054
10.809 0.39551 0.055845
10.909 0.40005 0.055594
11.009 0.40456 0.055302
11.109 0.40904 0.054971
11.209 0.41349 0.054601
11.309 0.41791 0.054196
11.409 0.42229 0.053756
11.509 0.42665 0.053285
11.609 0.43096 0.052785
11.709 0.43525 0.05226
11.809 0.43949 0.051712
11.909 0.4437 0.051147
12.009 0.44787 0.050566
12.109 0.452 0.049976
12.209 0.45608 0.04938
12.309 0.46013 0.048783
12.409 0.46413 0.04819
12.509 0.46809 0.047608
12.609 0.47201 0.04704
12.709 0.47587 0.046493
12.809 0.47969 0.045972
12.909 0.48347 0.045483
13.009 0.48719 0.045031
13.109 0.49086 0.04462
13.209 0.49448 0.044257
13.309 0.49805 0.043945
13.409 0.50157 0.043688
13.509 0.50503 0.043488
13.609 0.50844 0.043349
13.709 0.51179 0.043272
13.809 0.51509 0.043257
13.909 0.51833 0.043304
14.009 0.52151 0.043411
14.109 0.52463 0.043578
14.209 0.5277 0.0438
14.309 0.5307 0.044074
14.409 0.53364 0.044397
14.509 0.53652 0.044762
14.609 0.53935 0.045165
14.709 0.5421 0.045601
14.809 0.5448 0.046062
14.909 0.54743 0.046545
15.009 0.55001 0.047041
15.109 0.55251 0.047547
15.209 0.55496 0.048055
15.309 0.55734 0.048561
15.409 0.55966 0.049059
15.509 0.56192 0.049545
15.609 0.56411 0.050013
15.709 0.56624 0.050459
15.809 0.56831 0.050879
15.909 0.57032 0.05127
16.009 0.57226 0.051629
16.109 0.57414 0.051953
16.209 0.57597 0.052239
16.309 0.57773 0.052485
16.409 0.57943 0.05269
16.509 0.58107 0.052852
16.609 0.58265 0.052971
16.709 0.58418 0.053045
16.809 0.58564 0.053075
16.909 0.58705 0.05306
17.009 0.58841 0.053
17.109 0.58971 0.052897
17.209 0.59095 0.05275
17.309 0.59214 0.052561
17.409 0.59328 0.05233
17.509 0.59437 0.05206
17.609 0.59541 0.051751
17.709 0.5964 0.051406
17.809 0.59734 0.051026
17.909 0.59823 0.050612
18.009 0.59907 0.050168
18.109 0.59987 0.049695
18.209 0.60063 0.049195
18.309 0.60134 0.048671
18.409 0.60201 0.048125
18.509 0.60264 0.047559
18.609 0.60323 0.046976
18.709 0.60378 0.046377
18.809 0.60429 0.045765
18.909 0.60477 0.045144
19.009 0.60521 0.044514
19.109 0.60561 0.043878
19.209 0.60598 0.043238
19.309 0.60631 0.042597
19.409 0.60662 0.041956
19.509 0.60689 0.041319
19.609 0.60713 0.040686
19.709 0.60735 0.040059
19.809 0.60753 0.039441
19.909 0.60769 0.038833
