0.02113 -0.080132 0.040706
0.12113 -0.079433 0.040772
0.22113 -0.078718 0.040825
0.32113 -0.077987 0.040865
0.42113 -0.077236 0.040892
0.52113 -0.076464 0.040908
0.62113 -0.075668 0.040912
0.72113 -0.074846 0.040905
0.82113 -0.073996 0.040888
0.92113 -0.073115 0.040861
1.0211 -0.072202 0.040825
1.1211 -0.071254 0.04078
1.2211 -0.070269 0.040727
1.3211 -0.069244 0.040666
1.4211 -0.068178 0.040598
1.5211 -0.067067 0.040523
1.6211 -0.06591 0.040442
1.7211 -0.064704 0.040355
1.8211 -0.063446 0.040262
1.9211 -0.062135 0.040165
2.0211 -0.060768 0.040063
2.1211 -0.059343 0.039956
2.2211 -0.057856 0.039845
2.3211 -0.056307 0.039731
2.4211 -0.054692 0.039612
2.5211 -0.053009 0.039491
2.6211 -0.051255 0.039365
2.7211 -0.049428 0.039237
2.8211 -0.047527 0.039105
2.9211 -0.045547 0.03897
3.0211 -0.043488 0.038833
3.1211 -0.041346 0.038692
3.2211 -0.039119 0.038548
3.3211 -0.036805 0.038402
3.4211 -0.034401 0.038253
3.5211 -0.031905 0.038102
3.6211 -0.029315 0.037948
3.7211 -0.026628 0.037793
3.8211 -0.023841 0.037636
3.9211 -0.020954 0.037478
4.0211 -0.017962 0.03732
4.1211 -0.014864 0.037162
4.2211 -0.011658 0.037006
4.3211 -0.0083412 0.036853
4.4211 -0.0049111 0.036704
4.5211 -0.0013656 0.036561
4.6211 0.0022975 0.036426
4.7211 0.0060805 0.036301
4.8211 0.0099857 0.036189
4.9211 0.014015 0.036093
5.0211 0.018171 0.036015
5.1211 0.022456 0.035961
5.2211 0.026872 0.035934
5.3211 0.031421 0.035939
5.4211 0.036105 0.035981
5.5211 0.040927 0.036064
5.6211 0.045888 0.036196
5.7211 0.050991 0.036382
5.8211 0.056237 0.036628
5.9211 0.061629 0.036941
6.0211 0.067169 0.037327
6.1211 0.072859 0.037794
6.2211 0.0787 0.038347
6.3211 0.084696 0.038993
6.4211 0.090847 0.039738
6.5211 0.097156 0.040588
6.6211 0.10362 0.041547
6.7211 0.11025 0.042621
6.8211 0.117 0.042248
6.9211 0.12365 0.040813
7.0211 0.13019 0.039469
7.1211 0.1366 0.038217
7.2211 0.1429 0.037055
7.3211 0.14909 0.035981
7.4211 0.15517 0.034993
7.5211 0.16114 0.034089
7.6211 0.167 0.033266
7.7211 0.17275 0.032521
7.8211 0.1784 0.031852
7.9211 0.18394 0.031255
8.0211 0.18939 0.030726
8.1211 0.19473 0.030262
8.2211 0.19998 0.029858
8.3211 0.20513 0.029512
8.4211 0.21019 0.029218
8.5211 0.21515 0.028972
8.6211 0.22002 0.02877
8.7211 0.2248 0.028609
8.8211 0.22949 0.028484
8.9211 0.2341 0.028391
9.0211 0.23862 0.028326
9.1211 0.24305 0.028287
9.2211 0.2474 0.028269
9.3211 0.25167 0.02827
9.4211 0.25586 0.028287
9.5211 0.25997 0.028317
9.6211 0.264 0.028358
9.7211 0.26796 0.028407
9.8211 0.27184 0.028463
9.9211 0.27565 0.028523
10.021 0.27938 0.028587
10.121 0.28305 0.028652
10.221 0.28664 0.028718
10.321 0.29016 0.028783
10.421 0.29362 0.028846
10.521 0.29701 0.028906
10.621 0.30034 0.028963
10.721 0.3036 0.029016
10.821 0.3068 0.029065
10.921 0.30993 0.029109
11.021 0.31301 0.029147
11.121 0.31602 0.029179
11.221 0.31898 0.029206
11.321 0.32187 0.029227
11.421 0.32472 0.029241
11.521 0.3275 0.029249
11.621 0.33023 0.02925
11.721 0.33291 0.029246
11.821 0.33553 0.029235
11.921 0.33811 0.029217
12.021 0.34063 0.029194
12.121 0.3431 0.029164
12.221 0.34552 0.029128
12.321 0.34789 0.029087
12.421 0.35022 0.02904
12.521 0.3525 0.028987
12.621 0.35473 0.028929
12.721 0.35692 0.028866
12.821 0.35906 0.028799
12.921 0.36116 0.028726
13.021 0.36322 0.028649
13.121 0.36524 0.028568
13.221 0.36721 0.028482
13.321 0.36915 0.028393
13.421 0.37104 0.0283
13.521 0.3729 0.028204
13.621 0.37472 0.028105
13.721 0.3765 0.028002
13.821 0.37824 0.027897
13.921 0.37995 0.02779
14.021 0.38162 0.02768
14.121 0.38326 0.027568
14.221 0.38486 0.027455
14.321 0.38643 0.027339
14.421 0.38796 0.027223
14.521 0.38947 0.027105
14.621 0.39094 0.026986
14.721 0.39238 0.026866
14.821 0.39379 0.026745
14.921 0.39517 0.026624
15.021 0.39652 0.026503
15.121 0.39784 0.026382
15.221 0.39914 0.02626
15.321 0.4004 0.026139
15.421 0.40164 0.026018
15.521 0.40285 0.025898
15.621 0.40403 0.025779
15.721 0.40519 0.02566
15.821 0.40633 0.025542
15.921 0.40744 0.025425
16.021 0.40852 0.02531
16.121 0.40958 0.025196
16.221 0.41061 0.025083
16.321 0.41163 0.024971
16.421 0.41262 0.024862
16.521 0.41359 0.024754
16.621 0.41453 0.024648
16.721 0.41546 0.024544
16.821 0.41636 0.024441
16.921 0.41724 0.024341
17.021 0.41811 0.024243
17.121 0.41895 0.024147
17.221 0.41977 0.024054
17.321 0.42058 0.023963
17.421 0.42136 0.023874
17.521 0.42213 0.023787
17.621 0.42288 0.023703
17.721 0.42361 0.023621
17.821 0.42432 0.023542
17.921 0.42502 0.023465
18.021 0.4257 0.023391
18.121 0.42636 0.023319
18.221 0.42701 0.023249
18.321 0.42764 0.023183
18.421 0.42825 0.023119
18.521 0.42885 0.023057
18.621 0.42944 0.022998
18.721 0.43001 0.022941
18.821 0.43057 0.022887
18.921 0.43111 0.022835
19.021 0.43164 0.022786
19.121 0.43215 0.022739
19.221 0.43265 0.022694
19.321 0.43314 0.022652
19.421 0.43361 0.022612
19.521 0.43408 0.022574
19.621 0.43453 0.022539
19.721 0.43496 0.022506
19.821 0.43539 0.022475
19.921 0.4358 0.022446
