0.059988 -0.027122 0.02235
0.15999 -0.02412 0.02222
0.25999 -0.021119 0.022093
0.35999 -0.018117 0.021971
0.45999 -0.015115 0.021853
0.55999 -0.012114 0.021739
0.65999 -0.0091122 0.021629
0.75999 -0.0061106 0.021523
0.85999 -0.0031089 0.021421
0.95999 -0.00010731 0.021323
1.06 0.0028943 0.02123
1.16 0.0058959 0.021142
1.26 0.0088975 0.021057
1.36 0.011899 0.020978
1.46 0.014901 0.020903
1.56 0.017902 0.020832
1.66 0.020904 0.020766
1.76 0.023905 0.020705
1.86 0.026907 0.020648
1.96 0.029908 0.020596
2.06 0.03291 0.020549
2.16 0.035911 0.020507
2.26 0.038913 0.020469
2.36 0.041914 0.020437
2.46 0.044915 0.020409
2.56 0.047917 0.020386
2.66 0.050918 0.020368
2.76 0.05392 0.020354
2.86 0.056921 0.020346
2.96 0.059922 0.020342
3.06 0.062923 0.020343
3.16 0.065925 0.020349
3.26 0.068926 0.02036
3.36 0.071927 0.020375
3.46 0.074928 0.020396
3.56 0.077929 0.02042
3.66 0.08093 0.02045
3.76 0.083931 0.020484
3.86 0.086932 0.020523
3.96 0.089933 0.020566
4.06 0.092934 0.020614
4.16 0.095935 0.020666
4.26 0.098936 0.020722
4.36 0.10194 0.020783
4.46 0.10494 0.020848
4.56 0.10794 0.020917
4.66 0.11094 0.02099
4.76 0.11394 0.021067
4.86 0.11694 0.021148
4.96 0.11994 0.021233
5.06 0.12294 0.021321
5.16 0.12594 0.021413
5.26 0.12894 0.021509
5.36 0.13194 0.021607
5.46 0.13494 0.02171
5.56 0.13794 0.021815
5.66 0.14094 0.021924
5.76 0.14394 0.022035
5.86 0.14694 0.02215
5.96 0.14994 0.022267
6.06 0.15293 0.022387
6.16 0.15593 0.022509
6.26 0.15893 0.022634
6.36 0.16193 0.022761
6.46 0.16493 0.022891
6.56 0.16793 0.023022
6.66 0.17092 0.023155
6.76 0.17392 0.02329
6.86 0.17692 0.023427
6.96 0.17992 0.023566
7.06 0.18291 0.023705
7.16 0.18591 0.023846
7.26 0.18891 0.023988
7.36 0.1919 0.024131
7.46 0.1949 0.024275
7.56 0.19789 0.02442
7.66 0.20089 0.024565
7.76 0.20388 0.024711
7.86 0.20687 0.024857
7.96 0.20987 0.025002
8.06 0.21286 0.025148
8.16 0.21585 0.025294
8.26 0.21884 0.025439
8.36 0.22184 0.025584
8.46 0.22483 0.025728
8.56 0.22782 0.025872
8.66 0.23081 0.026014
8.76 0.23379 0.026155
8.86 0.23678 0.026295
8.96 0.23977 0.026433
9.06 0.24276 0.02657
9.16 0.24574 0.026704
9.26 0.24872 0.026837
9.36 0.25171 0.026968
9.46 0.25469 0.027096
9.56 0.25767 0.027222
9.66 0.26065 0.027345
9.76 0.26363 0.027465
9.86 0.26661 0.027582
9.96 0.26958 0.027697
10.06 0.27256 0.027807
10.16 0.27553 0.027915
10.26 0.2785 0.028019
10.36 0.28147 0.028119
10.46 0.28444 0.028215
10.56 0.2874 0.028308
10.66 0.29036 0.028396
10.76 0.29332 0.02848
10.86 0.29628 0.02856
10.96 0.29924 0.028636
11.06 0.30219 0.028707
11.16 0.30514 0.028774
11.26 0.30809 0.028837
11.36 0.31103 0.028896
11.46 0.31398 0.02895
11.56 0.31691 0.029
11.66 0.31985 0.029046
11.76 0.32278 0.029089
11.86 0.3257 0.029128
11.96 0.32862 0.029164
12.06 0.33154 0.029196
12.16 0.33445 0.029226
12.26 0.33736 0.029254
12.36 0.34026 0.02928
12.46 0.34316 0.029305
12.56 0.34605 0.029329
12.66 0.34893 0.029353
12.76 0.35181 0.029379
12.86 0.35468 0.029406
12.96 0.35754 0.029435
13.06 0.36039 0.029469
13.16 0.36324 0.029507
13.26 0.36608 0.029551
13.36 0.3689 0.029602
13.46 0.37172 0.029661
13.56 0.37453 0.02973
13.66 0.37733 0.02981
13.76 0.38011 0.029903
13.86 0.38289 0.030009
13.96 0.38565 0.030131
14.06 0.3884 0.03027
14.16 0.39114 0.030427
14.26 0.39386 0.030604
14.36 0.39656 0.030801
14.46 0.39925 0.03102
14.56 0.40193 0.031263
14.66 0.40458 0.031529
14.76 0.40722 0.03182
14.86 0.40984 0.032136
14.96 0.41244 0.032477
15.06 0.41502 0.032843
15.16 0.41757 0.033234
15.26 0.4201 0.033649
15.36 0.42261 0.034087
15.46 0.4251 0.034547
15.56 0.42756 0.035028
15.66 0.42999 0.035527
15.76 0.4324 0.036043
15.86 0.43477 0.036573
15.96 0.43712 0.037115
16.06 0.43943 0.037665
16.16 0.44171 0.03822
16.26 0.44396 0.038777
16.36 0.44618 0.039333
16.46 0.44836 0.039883
16.56 0.4505 0.040423
16.66 0.4526 0.040951
16.76 0.45467 0.041462
16.86 0.45669 0.041952
16.96 0.45867 0.042416
17.06 0.46062 0.042852
17.16 0.46251 0.043256
17.26 0.46437 0.043624
17.36 0.46618 0.043953
17.46 0.46794 0.044239
17.56 0.46966 0.04448
17.66 0.47133 0.044673
17.76 0.47295 0.044817
17.86 0.47452 0.04491
17.96 0.47604 0.04495
18.06 0.47751 0.044937
18.16 0.47893 0.044871
18.26 0.48031 0.044751
18.36 0.48162 0.044579
18.46 0.48289 0.044356
18.56 0.48411 0.044085
18.66 0.48527 0.043767
18.76 0.48639 0.043406
18.86 0.48745 0.043006
18.96 0.48846 0.04257
19.06 0.48942 0.042104
19.16 0.49033 0.041613
19.26 0.49119 0.041103
19.36 0.492 0.04058
19.46 0.49277 0.04005
19.56 0.49348 0.03952
19.66 0.49414 0.038997
19.76 0.49476 0.038487
19.86 0.49534 0.037998
19.96 0.49587 0.037537
