0.013259 0.2578 0.15144
0.11326 0.25964 0.15147
0.21326 0.26158 0.15146
0.31326 0.26361 0.15143
0.41326 0.26575 0.15137
0.51326 0.26799 0.15127
0.61326 0.27034 0.15115
0.71326 0.27279 0.151
0.81326 0.27535 0.15082
0.91326 0.27802 0.1506
1.0133 0.2808 0.15036
1.1133 0.28369 0.15009
1.2133 0.2867 0.14979
1.3133 0.28981 0.14946
1.4133 0.29305 0.1491
1.5133 0.2964 0.14871
1.6133 0.29987 0.1483
1.7133 0.30346 0.14785
1.8133 0.30718 0.14738
1.9133 0.31101 0.14687
2.0133 0.31497 0.14634
2.1133 0.31906 0.14578
2.2133 0.32327 0.1452
2.3133 0.32761 0.14458
2.4133 0.33208 0.14395
2.5133 0.33668 0.14328
2.6133 0.34142 0.14259
2.7133 0.34628 0.14188
2.8133 0.35129 0.14114
2.9133 0.35642 0.14039
3.0133 0.3617 0.13961
3.1133 0.36711 0.13881
3.2133 0.37267 0.13799
3.3133 0.37837 0.13715
3.4133 0.3842 0.13629
3.5133 0.39019 0.13542
3.6133 0.39631 0.13454
3.7133 0.40259 0.13364
3.8133 0.40901 0.13274
3.9133 0.41558 0.13182
4.0133 0.4223 0.1309
4.1133 0.42917 0.12998
4.2133 0.43619 0.12905
4.3133 0.44336 0.12812
4.4133 0.4507 0.1272
4.5133 0.45818 0.12628
4.6133 0.46583 0.12537
4.7133 0.47363 0.12447
4.8133 0.48159 0.12359
4.9133 0.48971 0.12273
5.0133 0.49799 0.12189
5.1133 0.50644 0.12108
5.2133 0.51505 0.1203
5.3133 0.52382 0.11955
5.4133 0.53276 0.11884
5.5133 0.54187 0.11818
5.6133 0.55114 0.11757
5.7133 0.56059 0.11701
5.8133 0.5702 0.11652
5.9133 0.57999 0.11609
6.0133 0.58995 0.11573
6.1133 0.60005 0.11623
6.2133 0.61008 0.1178
6.3133 0.61998 0.11936
6.4133 0.62975 0.1209
6.5133 0.6394 0.12243
6.6133 0.64892 0.12393
6.7133 0.65832 0.12542
6.8133 0.6676 0.12688
6.9133 0.67676 0.12832
7.0133 0.68579 0.12973
7.1133 0.69471 0.13112
7.2133 0.7035 0.13248
7.3133 0.71219 0.13382
7.4133 0.72075 0.13513
7.5133 0.7292 0.13641
7.6133 0.73753 0.13766
7.7133 0.74575 0.13888
7.8133 0.75386 0.14007
7.9133 0.76186 0.14123
8.0133 0.76974 0.14237
8.1133 0.77752 0.14347
8.2133 0.78518 0.14454
8.3133 0.79274 0.14559
8.4133 0.80019 0.1466
8.5133 0.80753 0.14759
8.6133 0.81477 0.14854
8.7133 0.82191 0.14947
8.8133 0.82894 0.15036
8.9133 0.83587 0.15123
9.0133 0.84269 0.15207
9.1133 0.84942 0.15288
9.2133 0.85604 0.15366
9.3133 0.86257 0.15441
9.4133 0.86899 0.15513
9.5133 0.87532 0.15583
9.6133 0.88156 0.1565
9.7133 0.88769 0.15714
9.8133 0.89373 0.15775
9.9133 0.89968 0.15834
10.013 0.90553 0.1589
10.113 0.91129 0.15944
10.213 0.91696 0.15994
10.313 0.92253 0.16043
10.413 0.92802 0.16089
10.513 0.93341 0.16132
10.613 0.93872 0.16173
10.713 0.94394 0.16212
10.813 0.94907 0.16248
10.913 0.95411 0.16282
11.013 0.95907 0.16314
11.113 0.96394 0.16343
11.213 0.96873 0.1637
11.313 0.97344 0.16395
11.413 0.97806 0.16418
11.513 0.98259 0.16439
11.613 0.98705 0.16458
11.713 0.99143 0.16475
11.813 0.99572 0.1649
11.913 0.99994 0.16502
12.013 1.0041 0.16513
12.113 1.0081 0.16522
12.213 1.0121 0.1653
12.313 1.016 0.16535
12.413 1.0198 0.16539
12.513 1.0236 0.16541
12.613 1.0273 0.16541
12.713 1.0309 0.1654
12.813 1.0344 0.16537
12.913 1.0379 0.16532
13.013 1.0412 0.16526
13.113 1.0446 0.16519
13.213 1.0478 0.1651
13.313 1.051 0.16499
13.413 1.0541 0.16487
13.513 1.0571 0.16474
13.613 1.0601 0.1646
13.713 1.0629 0.16444
13.813 1.0658 0.16427
13.913 1.0685 0.16408
14.013 1.0712 0.16389
14.113 1.0738 0.16368
14.213 1.0764 0.16346
14.313 1.0789 0.16323
14.413 1.0813 0.16299
14.513 1.0837 0.16274
14.613 1.086 0.16248
14.713 1.0883 0.16221
14.813 1.0904 0.16193
14.913 1.0926 0.16164
15.013 1.0946 0.16134
15.113 1.0966 0.16104
15.213 1.0986 0.16072
15.313 1.1004 0.1604
15.413 1.1023 0.16007
15.513 1.104 0.15973
15.613 1.1057 0.15939
15.713 1.1074 0.15904
15.813 1.109 0.15868
15.913 1.1105 0.15831
16.013 1.112 0.15794
16.113 1.1134 0.15756
16.213 1.1148 0.15718
16.313 1.1161 0.15679
16.413 1.1173 0.1564
16.513 1.1186 0.156
16.613 1.1197 0.1556
16.713 1.1208 0.15519
16.813 1.1219 0.15478
16.913 1.1229 0.15437
17.013 1.1238 0.15395
17.113 1.1247 0.15353
17.213 1.1256 0.1531
17.313 1.1264 0.15267
17.413 1.1271 0.15224
17.513 1.1278 0.1518
17.613 1.1285 0.15137
17.713 1.1291 0.15093
17.813 1.1296 0.15049
17.913 1.1301 0.15004
18.013 1.1306 0.1496
18.113 1.131 0.14915
18.213 1.1314 0.1487
18.313 1.1317 0.14825
18.413 1.132 0.1478
18.513 1.1322 0.14735
18.613 1.1324 0.1469
18.713 1.1326 0.14645
18.813 1.1327 0.146
18.913 1.1327 0.14555
19.013 1.1328 0.14509
19.113 1.1327 0.14464
19.213 1.1327 0.14419
19.313 1.1326 0.14374
19.413 1.1324 0.14329
19.513 1.1322 0.14284
19.613 1.132 0.14239
19.713 1.1317 0.14194
19.813 1.1314 0.14149
19.913 1.1311 0.14104
