0.034342 0.050573 0.032495
0.13434 0.054386 0.03276
0.23434 0.058247 0.033029
0.33434 0.062157 0.033302
0.43434 0.066118 0.033577
0.53434 0.07013 0.033854
0.63434 0.074196 0.034132
0.73434 0.078318 0.034409
0.83434 0.082495 0.034686
0.93434 0.086731 0.03496
1.0343 0.091026 0.035231
1.1343 0.095384 0.035498
1.2343 0.099804 0.03576
1.3343 0.10429 0.036015
1.4343 0.10884 0.036264
1.5343 0.11346 0.036504
1.6343 0.11815 0.036735
1.7343 0.12291 0.036957
1.8343 0.12775 0.037167
1.9343 0.13266 0.037365
2.0343 0.13765 0.037551
2.1343 0.14272 0.037723
2.2343 0.14787 0.03788
2.3343 0.1531 0.038021
2.4343 0.15842 0.038147
2.5343 0.16383 0.038255
2.6343 0.16932 0.038345
2.7343 0.17491 0.038417
2.8343 0.18059 0.03847
2.9343 0.18637 0.038503
3.0343 0.19224 0.038515
3.1343 0.19822 0.038507
3.2343 0.20429 0.038478
3.3343 0.21047 0.038426
3.4343 0.21676 0.038353
3.5343 0.22315 0.038258
3.6343 0.22965 0.038141
3.7343 0.23627 0.038001
3.8343 0.243 0.037839
3.9343 0.24985 0.037656
4.0343 0.25681 0.037451
4.1343 0.2639 0.037225
4.2343 0.27111 0.036979
4.3343 0.27845 0.036714
4.4343 0.28591 0.03643
4.5343 0.2935 0.036131
4.6343 0.30123 0.035816
4.7343 0.30909 0.035489
4.8343 0.31709 0.035151
4.9343 0.32522 0.034806
5.0343 0.3335 0.034456
5.1343 0.34192 0.034105
5.2343 0.35048 0.033757
5.3343 0.3592 0.033417
5.4343 0.36806 0.03309
5.5343 0.37707 0.032783
5.6343 0.38624 0.0325
5.7343 0.39556 0.03225
5.8343 0.40505 0.03204
5.9343 0.41469 0.031878
6.0343 0.4245 0.031773
6.1343 0.43447 0.031734
6.2343 0.44461 0.031769
6.3343 0.45491 0.031888
6.4343 0.46539 0.0321
6.5343 0.47605 0.032413
6.6343 0.48687 0.032834
6.7343 0.49788 0.033372
6.8343 0.50907 0.034031
6.9343 0.52044 0.034816
7.0343 0.53195 0.034936
7.1343 0.54334 0.034161
7.2343 0.55455 0.033423
7.3343 0.56558 0.032722
7.4343 0.57644 0.032056
7.5343 0.58712 0.031423
7.6343 0.59764 0.030824
7.7343 0.60798 0.030257
7.8343 0.61816 0.02972
7.9343 0.62817 0.029212
8.0343 0.63802 0.028733
8.1343 0.64771 0.02828
8.2343 0.65724 0.027854
8.3343 0.66661 0.027451
8.4343 0.67583 0.027073
8.5343 0.68489 0.026716
8.6343 0.69381 0.02638
8.7343 0.70257 0.026064
8.8343 0.71118 0.025767
8.9343 0.71965 0.025487
9.0343 0.72798 0.025223
9.1343 0.73616 0.024975
9.2343 0.7442 0.024742
9.3343 0.75211 0.024521
9.4343 0.75988 0.024313
9.5343 0.76751 0.024117
9.6343 0.77501 0.023931
9.7343 0.78238 0.023755
9.8343 0.78962 0.023588
9.9343 0.79673 0.023429
10.034 0.80371 0.023278
10.134 0.81057 0.023134
10.234 0.81731 0.022996
10.334 0.82392 0.022863
10.434 0.83042 0.022736
10.534 0.83679 0.022613
10.634 0.84306 0.022495
10.734 0.8492 0.02238
10.834 0.85523 0.022268
10.934 0.86115 0.022159
11.034 0.86696 0.022053
11.134 0.87266 0.02195
11.234 0.87826 0.021848
11.334 0.88374 0.021748
11.434 0.88913 0.021649
11.534 0.89441 0.021552
11.634 0.89959 0.021456
11.734 0.90467 0.021361
11.834 0.90965 0.021266
11.934 0.91453 0.021173
12.034 0.91931 0.021079
12.134 0.92401 0.020987
12.234 0.9286 0.020895
12.334 0.93311 0.020803
12.434 0.93753 0.020711
12.534 0.94185 0.02062
12.634 0.94609 0.020529
12.734 0.95024 0.020438
12.834 0.95431 0.020347
12.934 0.95829 0.020256
13.034 0.96219 0.020166
13.134 0.96601 0.020076
13.234 0.96974 0.019986
13.334 0.9734 0.019896
13.434 0.97698 0.019806
13.534 0.98048 0.019717
13.634 0.9839 0.019628
13.734 0.98725 0.01954
13.834 0.99053 0.019452
13.934 0.99373 0.019364
14.034 0.99687 0.019277
14.134 0.99993 0.019191
14.234 1.0029 0.019105
14.334 1.0058 0.01902
14.434 1.0087 0.018936
14.534 1.0115 0.018852
14.634 1.0142 0.018769
14.734 1.0169 0.018687
14.834 1.0195 0.018606
14.934 1.022 0.018526
15.034 1.0245 0.018447
15.134 1.0269 0.018369
15.234 1.0292 0.018293
15.334 1.0315 0.018217
15.434 1.0337 0.018143
15.534 1.0359 0.01807
15.634 1.038 0.017998
15.734 1.0401 0.017928
15.834 1.0421 0.017859
15.934 1.0441 0.017791
16.034 1.046 0.017725
16.134 1.0478 0.017661
16.234 1.0496 0.017598
16.334 1.0514 0.017537
16.434 1.0531 0.017477
16.534 1.0547 0.017419
16.634 1.0563 0.017363
16.734 1.0579 0.017308
16.834 1.0594 0.017255
16.934 1.0608 0.017204
17.034 1.0622 0.017154
17.134 1.0636 0.017106
17.234 1.0649 0.01706
17.334 1.0662 0.017016
17.434 1.0675 0.016973
17.534 1.0686 0.016933
17.634 1.0698 0.016894
17.734 1.0709 0.016856
17.834 1.072 0.016821
17.934 1.073 0.016787
18.034 1.074 0.016755
18.134 1.075 0.016724
18.234 1.0759 0.016695
18.334 1.0768 0.016668
18.434 1.0776 0.016643
18.534 1.0785 0.016619
18.634 1.0792 0.016597
18.734 1.08 0.016576
18.834 1.0807 0.016557
18.934 1.0814 0.01654
19.034 1.082 0.016524
19.134 1.0826 0.016509
19.234 1.0832 0.016496
19.334 1.0837 0.016485
19.434 1.0842 0.016474
19.534 1.0847 0.016466
19.634 1.0852 0.016458
19.734 1.0856 0.016452
19.834 1.086 0.016447
19.934 1.0864 0.016443
