0.086865 -0.013193 NaN
0.18686 -0.0089622 0.06502
0.28686 -0.0047166 0.064562
0.38686 -0.00046714 0.064104
0.48686 0.0037823 0.063646
0.58686 0.0080318 0.06319
0.68686 0.012281 0.062734
0.78686 0.016531 0.06228
0.88686 0.02078 0.061826
0.98686 0.02503 0.061373
1.0869 0.029279 0.060922
1.1869 0.033529 0.060471
1.2869 0.037778 0.060021
1.3869 0.042028 0.059573
1.4869 0.046277 0.059125
1.5869 0.050526 0.058679
1.6869 0.054776 0.058234
1.7869 0.059025 0.05779
1.8869 0.063275 0.057348
1.9869 0.067524 0.056906
2.0869 0.071774 0.056466
2.1869 0.076023 0.056027
2.2869 0.080273 0.05559
2.3869 0.084522 0.055153
2.4869 0.088772 0.054719
2.5869 0.093021 0.054285
2.6869 0.097271 0.053854
2.7869 0.10152 0.053423
2.8869 0.10577 0.052994
2.9869 0.11002 0.052567
3.0869 0.11427 0.052141
3.1869 0.11852 0.051718
3.2869 0.12277 0.051295
3.3869 0.12702 0.050875
3.4869 0.13127 0.050456
3.5869 0.13552 0.050039
3.6869 0.13977 0.049624
3.7869 0.14401 0.049211
3.8869 0.14826 0.0488
3.9869 0.15251 0.048391
4.0869 0.15676 0.047984
4.1869 0.16101 0.047579
4.2869 0.16526 0.047176
4.3869 0.16951 0.046775
4.4869 0.17376 0.046377
4.5869 0.17801 0.045981
4.6869 0.18226 0.045588
4.7869 0.18651 0.045197
4.8869 0.19076 0.044808
4.9869 0.19501 0.044423
5.0869 0.19926 0.04404
5.1869 0.20351 0.043659
5.2869 0.20776 0.043282
5.3869 0.21201 0.042907
5.4869 0.21626 0.042535
5.5869 0.22051 0.042167
5.6869 0.22475 0.041801
5.7869 0.229 0.041439
5.8869 0.23325 0.04108
5.9869 0.2375 0.040724
6.0869 0.24175 0.040372
6.1869 0.246 0.040023
6.2869 0.25025 0.039679
6.3869 0.2545 0.039337
6.4869 0.25875 0.039
6.5869 0.263 0.038667
6.6869 0.26725 0.038337
6.7869 0.2715 0.038012
6.8869 0.27575 0.037692
6.9869 0.28 0.037375
7.0869 0.28425 0.037063
7.1869 0.2885 0.036756
7.2869 0.29275 0.036453
7.3869 0.297 0.036155
7.4869 0.30124 0.035863
7.5869 0.30549 0.035575
7.6869 0.30974 0.035292
7.7869 0.31399 0.035015
7.8869 0.31824 0.034744
7.9869 0.32249 0.034478
8.0869 0.32674 0.034217
8.1869 0.33099 0.033963
8.2869 0.33524 0.033714
8.3869 0.33949 0.033472
8.4869 0.34374 0.033236
8.5869 0.34799 0.033006
8.6869 0.35224 0.032783
8.7869 0.35649 0.032566
8.8869 0.36074 0.032357
8.9869 0.36499 0.032154
9.0869 0.36924 0.031958
9.1869 0.37349 0.03177
9.2869 0.37774 0.031588
9.3869 0.38198 0.031415
9.4869 0.38623 0.031248
9.5869 0.39048 0.03109
9.6869 0.39473 0.030939
9.7869 0.39898 0.030796
9.8869 0.40323 0.030662
9.9869 0.40748 0.030535
10.087 0.41173 0.030417
10.187 0.41598 0.030307
10.287 0.42023 0.030205
10.387 0.42448 0.030112
10.487 0.42873 0.030028
10.587 0.43298 0.029952
10.687 0.43723 0.029885
10.787 0.44148 0.029827
10.887 0.44573 0.029778
10.987 0.44998 0.029737
11.087 0.45423 0.029705
11.187 0.45848 0.029683
11.287 0.46272 0.029669
11.387 0.46697 0.029665
11.487 0.47122 0.029669
11.587 0.47547 0.029682
11.687 0.47972 0.029705
11.787 0.48397 0.029736
11.887 0.48822 0.029776
11.987 0.49247 0.029825
12.087 0.49672 0.029883
12.187 0.50097 0.02995
12.287 0.50522 0.030025
12.387 0.50947 0.03011
12.487 0.51372 0.030202
12.587 0.51797 0.030304
12.687 0.52222 0.030413
12.787 0.52647 0.030531
12.887 0.53072 0.030658
12.987 0.53497 0.030792
13.087 0.53921 0.030935
13.187 0.54346 0.031085
13.287 0.54771 0.031243
13.387 0.55196 0.031409
13.487 0.55621 0.031583
13.587 0.56046 0.031764
13.687 0.56471 0.031952
13.787 0.56896 0.032148
13.887 0.57321 0.03235
13.987 0.57746 0.03256
14.087 0.58171 0.032776
14.187 0.58596 0.032999
14.287 0.59021 0.033229
14.387 0.59446 0.033465
14.487 0.59871 0.033707
14.587 0.60296 0.033955
14.687 0.60721 0.034209
14.787 0.61146 0.034469
14.887 0.61571 0.034735
14.987 0.61995 0.035007
15.087 0.6242 0.035284
15.187 0.62845 0.035566
15.287 0.6327 0.035854
15.387 0.63695 0.036146
15.487 0.6412 0.036444
15.587 0.64545 0.036746
15.687 0.6497 0.037054
15.787 0.65395 0.037365
15.887 0.6582 0.037682
15.987 0.66245 0.038002
16.087 0.6667 0.038327
16.187 0.67095 0.038657
16.287 0.6752 0.03899
16.387 0.67945 0.039327
16.487 0.6837 0.039668
16.587 0.68795 0.040013
16.687 0.6922 0.040361
16.787 0.69645 0.040713
16.887 0.70069 0.041069
16.987 0.70494 0.041428
17.087 0.70919 0.04179
17.187 0.71344 0.042155
17.287 0.71769 0.042524
17.387 0.72194 0.042895
17.487 0.72619 0.04327
17.587 0.73044 0.043648
17.687 0.73469 0.044028
17.787 0.73894 0.044411
17.887 0.74319 0.044797
17.987 0.74744 0.045185
18.087 0.75169 0.045576
18.187 0.75594 0.045969
18.287 0.76019 0.046365
18.387 0.76444 0.046763
18.487 0.76869 0.047164
18.587 0.77294 0.047566
18.687 0.77718 0.047971
18.787 0.78143 0.048378
18.887 0.78568 0.048787
18.987 0.78993 0.049198
19.087 0.79418 0.049611
19.187 0.79843 0.050026
19.287 0.80268 0.050443
19.387 0.80693 0.050862
19.487 0.81118 0.051282
19.587 0.81543 0.051705
19.687 0.81968 0.052128
19.787 0.82393 0.052554
19.887 0.82818 0.052981
19.987 0.83243 0.05341
