0.034342 0.046554 0.017537
0.13434 0.047119 0.017701
0.23434 0.047693 0.017865
0.33434 0.048277 0.018028
0.43434 0.048872 0.01819
0.53434 0.04948 0.01835
0.63434 0.050101 0.018508
0.73434 0.050738 0.018662
0.83434 0.05139 0.018813
0.93434 0.052061 0.018959
1.0343 0.05275 0.019099
1.1343 0.05346 0.019234
1.2343 0.054193 0.019361
1.3343 0.054948 0.019481
1.4343 0.055728 0.019594
1.5343 0.056535 0.019697
1.6343 0.057369 0.019791
1.7343 0.058232 0.019874
1.8343 0.059126 0.019948
1.9343 0.060053 0.020009
2.0343 0.061012 0.020059
2.1343 0.062008 0.020097
2.2343 0.063039 0.020121
2.3343 0.064109 0.020133
2.4343 0.065219 0.02013
2.5343 0.06637 0.020113
2.6343 0.067564 0.020081
2.7343 0.068802 0.020034
2.8343 0.070086 0.019972
2.9343 0.071417 0.019895
3.0343 0.072797 0.019802
3.1343 0.074228 0.019693
3.2343 0.075711 0.019568
3.3343 0.077248 0.019427
3.4343 0.078839 0.019272
3.5343 0.080487 0.019101
3.6343 0.082194 0.018915
3.7343 0.08396 0.018715
3.8343 0.085788 0.018502
3.9343 0.087678 0.018277
4.0343 0.089632 0.01804
4.1343 0.091653 0.017794
4.2343 0.09374 0.01754
4.3343 0.095897 0.01728
4.4343 0.098123 0.017016
4.5343 0.10042 0.016753
4.6343 0.10279 0.016492
4.7343 0.10524 0.016237
4.8343 0.10776 0.015994
4.9343 0.11036 0.015767
5.0343 0.11304 0.015561
5.1343 0.1158 0.015384
5.2343 0.11864 0.01524
5.3343 0.12157 0.015139
5.4343 0.12458 0.015085
5.5343 0.12767 0.015089
5.6343 0.13086 0.015155
5.7343 0.13413 0.015292
5.8343 0.13749 0.015506
5.9343 0.14095 0.0158
6.0343 0.14449 0.01618
6.1343 0.14813 0.016649
6.2343 0.15187 0.017207
6.3343 0.1557 0.017854
6.4343 0.15962 0.018197
6.5343 0.1635 0.017862
6.6343 0.1673 0.017539
6.7343 0.17103 0.017227
6.8343 0.17468 0.016926
6.9343 0.17826 0.016635
7.0343 0.18177 0.016354
7.1343 0.18521 0.016082
7.2343 0.18858 0.01582
7.3343 0.19188 0.015567
7.4343 0.19511 0.015323
7.5343 0.19828 0.015086
7.6343 0.20138 0.014858
7.7343 0.20442 0.014637
7.8343 0.20739 0.014424
7.9343 0.21031 0.014217
8.0343 0.21316 0.014018
8.1343 0.21596 0.013825
8.2343 0.21869 0.013638
8.3343 0.22137 0.013457
8.4343 0.224 0.013283
8.5343 0.22656 0.013113
8.6343 0.22908 0.01295
8.7343 0.23153 0.012791
8.8343 0.23394 0.012638
8.9343 0.2363 0.012489
9.0343 0.2386 0.012345
9.1343 0.24085 0.012206
9.2343 0.24306 0.012071
9.3343 0.24522 0.01194
9.4343 0.24733 0.011814
9.5343 0.24939 0.011691
9.6343 0.25141 0.011572
9.7343 0.25338 0.011458
9.8343 0.25531 0.011346
9.9343 0.2572 0.011238
10.034 0.25904 0.011134
10.134 0.26085 0.011033
10.234 0.26261 0.010935
10.334 0.26433 0.01084
10.434 0.26602 0.010749
10.534 0.26766 0.01066
10.634 0.26927 0.010574
10.734 0.27084 0.010491
10.834 0.27237 0.010411
10.934 0.27387 0.010334
11.034 0.27533 0.010259
11.134 0.27676 0.010186
11.234 0.27815 0.010117
11.334 0.27951 0.010049
11.434 0.28084 0.0099845
11.534 0.28214 0.009922
11.634 0.2834 0.0098617
11.734 0.28464 0.0098037
11.834 0.28584 0.0097479
11.934 0.28702 0.0096943
12.034 0.28816 0.0096427
12.134 0.28928 0.0095932
12.234 0.29037 0.0095457
12.334 0.29143 0.0095002
12.434 0.29247 0.0094566
12.534 0.29348 0.0094149
12.634 0.29446 0.009375
12.734 0.29542 0.0093369
12.834 0.29636 0.0093005
12.934 0.29726 0.0092658
13.034 0.29815 0.0092328
13.134 0.29901 0.0092015
13.234 0.29985 0.0091717
13.334 0.30067 0.0091434
13.434 0.30146 0.0091167
13.534 0.30223 0.0090914
13.634 0.30299 0.0090675
13.734 0.30372 0.009045
13.834 0.30443 0.0090239
13.934 0.30512 0.0090041
14.034 0.30579 0.0089855
14.134 0.30644 0.0089682
14.234 0.30707 0.008952
14.334 0.30769 0.008937
14.434 0.30828 0.0089231
14.534 0.30886 0.0089103
14.634 0.30942 0.0088985
14.734 0.30997 0.0088877
14.834 0.3105 0.0088779
14.934 0.31101 0.0088691
15.034 0.3115 0.0088611
15.134 0.31198 0.008854
15.234 0.31245 0.0088477
15.334 0.31289 0.0088422
15.434 0.31333 0.0088375
15.534 0.31375 0.0088336
15.634 0.31415 0.0088303
15.734 0.31454 0.0088277
15.834 0.31492 0.0088257
15.934 0.31529 0.0088243
16.034 0.31564 0.0088235
16.134 0.31598 0.0088233
16.234 0.3163 0.0088236
16.334 0.31662 0.0088244
16.434 0.31692 0.0088256
16.534 0.31721 0.0088273
16.634 0.31748 0.0088294
16.734 0.31775 0.0088319
16.834 0.318 0.0088348
16.934 0.31825 0.008838
17.034 0.31848 0.0088415
17.134 0.31871 0.0088453
17.234 0.31892 0.0088494
17.334 0.31912 0.0088538
17.434 0.31931 0.0088584
17.534 0.3195 0.0088632
17.634 0.31967 0.0088682
17.734 0.31983 0.0088733
17.834 0.31999 0.0088787
17.934 0.32014 0.0088841
18.034 0.32027 0.0088897
18.134 0.3204 0.0088954
18.234 0.32052 0.0089012
18.334 0.32064 0.0089071
18.434 0.32074 0.008913
18.534 0.32084 0.008919
18.634 0.32092 0.008925
18.734 0.32101 0.008931
18.834 0.32108 0.0089371
18.934 0.32115 0.0089431
19.034 0.3212 0.0089491
19.134 0.32126 0.0089551
19.234 0.3213 0.008961
19.334 0.32134 0.008967
19.434 0.32137 0.0089728
19.534 0.3214 0.0089786
19.634 0.32142 0.0089843
19.734 0.32143 0.0089899
19.834 0.32144 0.0089954
19.934 0.32144 0.0090009
