0.059988 0.050339 0.020964
0.15999 0.052304 0.020719
0.25999 0.054303 0.020488
0.35999 0.056337 0.020272
0.45999 0.058404 0.020076
0.55999 0.060506 0.019904
0.65999 0.062642 0.019759
0.75999 0.064811 0.019645
0.85999 0.067014 0.019568
0.95999 0.069251 0.01953
1.06 0.071521 0.019536
1.16 0.073824 0.019591
1.26 0.076161 0.019698
1.36 0.078531 0.01986
1.46 0.080934 0.020082
1.56 0.08337 0.020364
1.66 0.085838 0.020711
1.76 0.088339 0.021123
1.86 0.090873 0.021601
1.96 0.093439 0.022146
2.06 0.096037 0.022759
2.16 0.098667 0.023438
2.26 0.10133 0.024184
2.36 0.10402 0.024994
2.46 0.10675 0.025869
2.56 0.1095 0.026807
2.66 0.11229 0.027806
2.76 0.11511 0.028864
2.86 0.11796 0.029981
2.96 0.12084 0.030308
3.06 0.12372 0.029187
3.16 0.12659 0.028115
3.26 0.12945 0.027092
3.36 0.13231 0.026121
3.46 0.13516 0.025202
3.56 0.138 0.024337
3.66 0.14083 0.023527
3.76 0.14365 0.022774
3.86 0.14646 0.022077
3.96 0.14926 0.021438
4.06 0.15206 0.020857
4.16 0.15484 0.020334
4.26 0.15762 0.019869
4.36 0.16038 0.01946
4.46 0.16314 0.019106
4.56 0.16588 0.018805
4.66 0.16862 0.018555
4.76 0.17134 0.018354
4.86 0.17405 0.018198
4.96 0.17675 0.018083
5.06 0.17944 0.018007
5.16 0.18212 0.017965
5.26 0.18478 0.017954
5.36 0.18744 0.017969
5.46 0.19008 0.018007
5.56 0.19271 0.018065
5.66 0.19532 0.018139
5.76 0.19792 0.018225
5.86 0.20051 0.01832
5.96 0.20309 0.018423
6.06 0.20565 0.018529
6.16 0.2082 0.018637
6.26 0.21073 0.018745
6.36 0.21325 0.01885
6.46 0.21576 0.018952
6.56 0.21824 0.019048
6.66 0.22072 0.019137
6.76 0.22318 0.019219
6.86 0.22562 0.019293
6.96 0.22804 0.019357
7.06 0.23045 0.019412
7.16 0.23285 0.019456
7.26 0.23522 0.01949
7.36 0.23758 0.019514
7.46 0.23993 0.019526
7.56 0.24225 0.019529
7.66 0.24456 0.019521
7.76 0.24685 0.019503
7.86 0.24912 0.019476
7.96 0.25137 0.019439
8.06 0.2536 0.019394
8.16 0.25582 0.01934
8.26 0.25801 0.01928
8.36 0.26019 0.019212
8.46 0.26235 0.019139
8.56 0.26448 0.019061
8.66 0.2666 0.018978
8.76 0.2687 0.018892
8.86 0.27077 0.018804
8.96 0.27283 0.018715
9.06 0.27486 0.018625
9.16 0.27688 0.018535
9.26 0.27887 0.018447
9.36 0.28084 0.018362
9.46 0.28279 0.01828
9.56 0.28472 0.018202
9.66 0.28663 0.018129
9.76 0.28851 0.018062
9.86 0.29037 0.018002
9.96 0.29221 0.017949
10.06 0.29403 0.017904
10.16 0.29583 0.017868
10.26 0.2976 0.017841
10.36 0.29935 0.017823
10.46 0.30108 0.017814
10.56 0.30278 0.017816
10.66 0.30446 0.017827
10.76 0.30612 0.017848
10.86 0.30775 0.017879
10.96 0.30937 0.017919
11.06 0.31095 0.017969
11.16 0.31252 0.018027
11.26 0.31406 0.018094
11.36 0.31558 0.018168
11.46 0.31708 0.01825
11.56 0.31855 0.018338
11.66 0.32 0.018432
11.76 0.32143 0.018531
11.86 0.32283 0.018634
11.96 0.32421 0.018742
12.06 0.32557 0.018851
12.16 0.3269 0.018963
12.26 0.32821 0.019077
12.36 0.3295 0.019191
12.46 0.33076 0.019304
12.56 0.332 0.019417
12.66 0.33322 0.019527
12.76 0.33442 0.019636
12.86 0.33559 0.019741
12.96 0.33675 0.019843
13.06 0.33788 0.019941
13.16 0.33898 0.020034
13.26 0.34007 0.020121
13.36 0.34113 0.020203
13.46 0.34218 0.020279
13.56 0.3432 0.020348
13.66 0.3442 0.02041
13.76 0.34518 0.020466
13.86 0.34613 0.020513
13.96 0.34707 0.020554
14.06 0.34799 0.020586
14.16 0.34888 0.02061
14.26 0.34976 0.020627
14.36 0.35061 0.020635
14.46 0.35145 0.020635
14.56 0.35227 0.020627
14.66 0.35306 0.020611
14.76 0.35384 0.020587
14.86 0.3546 0.020554
14.96 0.35534 0.020514
15.06 0.35606 0.020467
15.16 0.35677 0.020411
15.26 0.35745 0.020349
15.36 0.35812 0.020279
15.46 0.35877 0.020202
15.56 0.35941 0.020119
15.66 0.36002 0.02003
15.76 0.36062 0.019934
15.86 0.36121 0.019833
15.96 0.36177 0.019726
16.06 0.36233 0.019615
16.16 0.36286 0.019498
16.26 0.36338 0.019378
16.36 0.36389 0.019253
16.46 0.36438 0.019125
16.56 0.36485 0.018993
16.66 0.36531 0.018859
16.76 0.36576 0.018722
16.86 0.36619 0.018584
16.96 0.36661 0.018444
17.06 0.36701 0.018302
17.16 0.36741 0.01816
17.26 0.36778 0.018017
17.36 0.36815 0.017875
17.46 0.3685 0.017733
17.56 0.36885 0.017591
17.66 0.36917 0.017451
17.76 0.36949 0.017312
17.86 0.3698 0.017176
17.96 0.37009 0.017041
18.06 0.37037 0.016909
18.16 0.37065 0.01678
18.26 0.37091 0.016654
18.36 0.37116 0.016532
18.46 0.3714 0.016413
18.56 0.37163 0.016299
18.66 0.37185 0.016189
18.76 0.37206 0.016083
18.86 0.37226 0.015982
18.96 0.37245 0.015886
19.06 0.37263 0.015795
19.16 0.37281 0.01571
19.26 0.37297 0.015629
19.36 0.37313 0.015555
19.46 0.37328 0.015485
19.56 0.37342 0.015421
19.66 0.37355 0.015363
19.76 0.37368 0.015311
19.86 0.37379 0.015264
19.96 0.3739 0.015222
