0.0086436 0.0065474 0.016605
0.10864 0.008518 0.016504
0.20864 0.010521 0.016413
0.30864 0.012556 0.016333
0.40864 0.014623 0.016268
0.50864 0.016722 0.016217
0.60864 0.018853 0.016183
0.70864 0.021016 0.016168
0.80864 0.023211 0.016174
0.90864 0.025438 0.016202
1.0086 0.027697 0.016255
1.1086 0.029987 0.016333
1.2086 0.03231 0.016439
1.3086 0.034663 0.016575
1.4086 0.037049 0.016741
1.5086 0.039466 0.01694
1.6086 0.041914 0.017172
1.7086 0.044394 0.017439
1.8086 0.046905 0.017742
1.9086 0.049448 0.01808
2.0086 0.052021 0.018456
2.1086 0.054626 0.018868
2.2086 0.057262 0.019319
2.3086 0.059929 0.019807
2.4086 0.062626 0.020332
2.5086 0.065354 0.020896
2.6086 0.068113 0.021497
2.7086 0.070903 0.022136
2.8086 0.073722 0.022811
2.9086 0.076573 0.023524
3.0086 0.079453 0.024274
3.1086 0.082364 0.025059
3.2086 0.085304 0.025881
3.3086 0.088275 0.026739
3.4086 0.091275 0.027632
3.5086 0.094305 0.028561
3.6086 0.097365 0.029525
3.7086 0.10045 0.030523
3.8086 0.10356 0.029733
3.9086 0.10667 0.02846
4.0086 0.10977 0.027252
4.1086 0.11286 0.026114
4.2086 0.11595 0.025051
4.3086 0.11904 0.024069
4.4086 0.12212 0.023173
4.5086 0.1252 0.022368
4.6086 0.12827 0.021659
4.7086 0.13134 0.02105
4.8086 0.1344 0.020544
4.9086 0.13745 0.020143
5.0086 0.1405 0.019846
5.1086 0.14354 0.019653
5.2086 0.14657 0.01956
5.3086 0.1496 0.019562
5.4086 0.15262 0.019652
5.5086 0.15563 0.019823
5.6086 0.15864 0.020066
5.7086 0.16164 0.020374
5.8086 0.16463 0.020735
5.9086 0.16761 0.021143
6.0086 0.17058 0.021588
6.1086 0.17355 0.022063
6.2086 0.1765 0.022561
6.3086 0.17944 0.023073
6.4086 0.18238 0.023596
6.5086 0.1853 0.024122
6.6086 0.18822 0.024648
6.7086 0.19112 0.025168
6.8086 0.19401 0.025679
6.9086 0.19689 0.026178
7.0086 0.19976 0.026661
7.1086 0.20262 0.027126
7.2086 0.20546 0.02757
7.3086 0.20829 0.027991
7.4086 0.21111 0.028387
7.5086 0.21391 0.028757
7.6086 0.2167 0.0291
7.7086 0.21947 0.029413
7.8086 0.22223 0.029697
7.9086 0.22497 0.029949
8.0086 0.2277 0.03017
8.1086 0.23041 0.030359
8.2086 0.2331 0.030515
8.3086 0.23577 0.030638
8.4086 0.23843 0.030729
8.5086 0.24107 0.030786
8.6086 0.24369 0.03081
8.7086 0.24629 0.030802
8.8086 0.24887 0.030761
8.9086 0.25143 0.030689
9.0086 0.25397 0.030585
9.1086 0.25649 0.03045
9.2086 0.25898 0.030286
9.3086 0.26146 0.030093
9.4086 0.26391 0.029872
9.5086 0.26634 0.029624
9.6086 0.26874 0.029352
9.7086 0.27112 0.029056
9.8086 0.27347 0.028737
9.9086 0.2758 0.028398
10.009 0.2781 0.02804
10.109 0.28038 0.027666
10.209 0.28263 0.027277
10.309 0.28485 0.026875
10.409 0.28705 0.026462
10.509 0.28921 0.026042
10.609 0.29135 0.025616
10.709 0.29346 0.025187
10.809 0.29554 0.024757
10.909 0.29759 0.02433
11.009 0.29961 0.023907
11.109 0.3016 0.023492
11.209 0.30356 0.023087
11.309 0.30548 0.022694
11.409 0.30738 0.022317
11.509 0.30924 0.021957
11.609 0.31107 0.021617
11.709 0.31287 0.0213
11.809 0.31464 0.021006
11.909 0.31637 0.020738
12.009 0.31807 0.020496
12.109 0.31974 0.020282
12.209 0.32138 0.020096
12.309 0.32298 0.019939
12.409 0.32455 0.019811
12.509 0.32608 0.01971
12.609 0.32758 0.019636
12.709 0.32905 0.019588
12.809 0.33048 0.019564
12.909 0.33188 0.019563
13.009 0.33325 0.019582
13.109 0.33458 0.01962
13.209 0.33588 0.019674
13.309 0.33715 0.019741
13.409 0.33839 0.01982
13.509 0.33959 0.019907
13.609 0.34076 0.020002
13.709 0.3419 0.0201
13.809 0.343 0.020201
13.909 0.34407 0.020303
14.009 0.34512 0.020402
14.109 0.34613 0.020498
14.209 0.34711 0.02059
14.309 0.34806 0.020674
14.409 0.34898 0.020752
14.509 0.34987 0.02082
14.609 0.35073 0.020878
14.709 0.35156 0.020926
14.809 0.35236 0.020962
14.909 0.35314 0.020987
15.009 0.35388 0.020999
15.109 0.3546 0.020998
15.209 0.3553 0.020985
15.309 0.35597 0.020959
15.409 0.35661 0.02092
15.509 0.35722 0.020868
15.609 0.35782 0.020804
15.709 0.35838 0.020727
15.809 0.35893 0.020638
15.909 0.35945 0.020537
16.009 0.35994 0.020425
16.109 0.36042 0.020303
16.209 0.36087 0.02017
16.309 0.36131 0.020028
16.409 0.36172 0.019877
16.509 0.36211 0.019717
16.609 0.36248 0.019549
16.709 0.36283 0.019374
16.809 0.36317 0.019193
16.909 0.36348 0.019006
17.009 0.36378 0.018814
17.109 0.36406 0.018618
17.209 0.36432 0.018418
17.309 0.36457 0.018215
17.409 0.3648 0.018009
17.509 0.36501 0.017802
17.609 0.36521 0.017594
17.709 0.3654 0.017385
17.809 0.36557 0.017177
17.909 0.36572 0.016969
18.009 0.36587 0.016763
18.109 0.366 0.016558
18.209 0.36612 0.016357
18.309 0.36622 0.016158
18.409 0.36631 0.015962
18.509 0.3664 0.01577
18.609 0.36647 0.015583
18.709 0.36653 0.0154
18.809 0.36658 0.015223
18.909 0.36662 0.01505
19.009 0.36665 0.014883
19.109 0.36667 0.014723
19.209 0.36668 0.014568
19.309 0.36668 0.014419
19.409 0.36667 0.014278
19.509 0.36666 0.014142
19.609 0.36663 0.014013
19.709 0.3666 0.013891
19.809 0.36656 0.013776
19.909 0.36652 0.013668
