0.086865 0.15303 0.13896
0.18686 0.15862 0.13799
0.28686 0.1642 0.13701
0.38686 0.16979 0.13604
0.48686 0.17538 0.13507
0.58686 0.18096 0.1341
0.68686 0.18655 0.13313
0.78686 0.19213 0.13217
0.88686 0.19772 0.1312
0.98686 0.20331 0.13024
1.0869 0.20889 0.12928
1.1869 0.21448 0.12833
1.2869 0.22007 0.12737
1.3869 0.22565 0.12642
1.4869 0.23124 0.12547
1.5869 0.23682 0.12453
1.6869 0.24241 0.12358
1.7869 0.248 0.12264
1.8869 0.25358 0.1217
1.9869 0.25917 0.12076
2.0869 0.26476 0.11983
2.1869 0.27034 0.1189
2.2869 0.27593 0.11797
2.3869 0.28151 0.11704
2.4869 0.2871 0.11612
2.5869 0.29269 0.1152
2.6869 0.29827 0.11429
2.7869 0.30386 0.11337
2.8869 0.30944 0.11246
2.9869 0.31503 0.11156
3.0869 0.32062 0.11065
3.1869 0.3262 0.10975
3.2869 0.33179 0.10886
3.3869 0.33738 0.10796
3.4869 0.34296 0.10708
3.5869 0.34855 0.10619
3.6869 0.35413 0.10531
3.7869 0.35972 0.10443
3.8869 0.36531 0.10356
3.9869 0.37089 0.10269
4.0869 0.37648 0.10183
4.1869 0.38207 0.10097
4.2869 0.38765 0.10011
4.3869 0.39324 0.099264
4.4869 0.39882 0.098419
4.5869 0.40441 0.097579
4.6869 0.41 0.096744
4.7869 0.41558 0.095915
4.8869 0.42117 0.09509
4.9869 0.42675 0.094272
5.0869 0.43234 0.093458
5.1869 0.43793 0.092651
5.2869 0.44351 0.09185
5.3869 0.4491 0.091055
5.4869 0.45469 0.090266
5.5869 0.46027 0.089484
5.6869 0.46586 0.088708
5.7869 0.47144 0.087939
5.8869 0.47703 0.087177
5.9869 0.48262 0.086423
6.0869 0.4882 0.085675
6.1869 0.49379 0.084936
6.2869 0.49938 0.084204
6.3869 0.50496 0.08348
6.4869 0.51055 0.082764
6.5869 0.51613 0.082057
6.6869 0.52172 0.081358
6.7869 0.52731 0.080668
6.8869 0.53289 0.079987
6.9869 0.53848 0.079316
7.0869 0.54406 0.078654
7.1869 0.54965 0.078001
7.2869 0.55524 0.077359
7.3869 0.56082 0.076727
7.4869 0.56641 0.076106
7.5869 0.572 0.075495
7.6869 0.57758 0.074896
7.7869 0.58317 0.074308
7.8869 0.58875 0.073731
7.9869 0.59434 0.073167
8.0869 0.59993 0.072614
8.1869 0.60551 0.072074
8.2869 0.6111 0.071547
8.3869 0.61669 0.071032
8.4869 0.62227 0.070531
8.5869 0.62786 0.070044
8.6869 0.63344 0.06957
8.7869 0.63903 0.069111
8.8869 0.64462 0.068666
8.9869 0.6502 0.068235
9.0869 0.65579 0.06782
9.1869 0.66137 0.06742
9.2869 0.66696 0.067035
9.3869 0.67255 0.066666
9.4869 0.67813 0.066314
9.5869 0.68372 0.065977
9.6869 0.68931 0.065658
9.7869 0.69489 0.065355
9.8869 0.70048 0.065069
9.9869 0.70606 0.0648
10.087 0.71165 0.064549
10.187 0.71724 0.064316
10.287 0.72282 0.0641
10.387 0.72841 0.063903
10.487 0.734 0.063724
10.587 0.73958 0.063563
10.687 0.74517 0.063421
10.787 0.75075 0.063297
10.887 0.75634 0.063192
10.987 0.76193 0.063106
11.087 0.76751 0.063039
11.187 0.7731 0.062991
11.287 0.77868 0.062963
11.387 0.78427 0.062953
11.487 0.78986 0.062962
11.587 0.79544 0.06299
11.687 0.80103 0.063038
11.787 0.80662 0.063104
11.887 0.8122 0.063189
11.987 0.81779 0.063294
12.087 0.82337 0.063417
12.187 0.82896 0.063558
12.287 0.83455 0.063718
12.387 0.84013 0.063897
12.487 0.84572 0.064094
12.587 0.85131 0.064309
12.687 0.85689 0.064542
12.787 0.86248 0.064792
12.887 0.86806 0.06506
12.987 0.87365 0.065346
13.087 0.87924 0.065648
13.187 0.88482 0.065967
13.287 0.89041 0.066303
13.387 0.89599 0.066655
13.487 0.90158 0.067024
13.587 0.90717 0.067408
13.687 0.91275 0.067807
13.787 0.91834 0.068222
13.887 0.92393 0.068652
13.987 0.92951 0.069097
14.087 0.9351 0.069556
14.187 0.94068 0.070029
14.287 0.94627 0.070516
14.387 0.95186 0.071017
14.487 0.95744 0.071531
14.587 0.96303 0.072058
14.687 0.96862 0.072597
14.787 0.9742 0.073149
14.887 0.97979 0.073714
14.987 0.98537 0.07429
15.087 0.99096 0.074878
15.187 0.99655 0.075477
15.287 1.0021 0.076087
15.387 1.0077 0.076708
15.487 1.0133 0.07734
15.587 1.0189 0.077981
15.687 1.0245 0.078633
15.787 1.0301 0.079295
15.887 1.0356 0.079966
15.987 1.0412 0.080647
16.087 1.0468 0.081336
16.187 1.0524 0.082035
16.287 1.058 0.082742
16.387 1.0636 0.083458
16.487 1.0692 0.084181
16.587 1.0748 0.084913
16.687 1.0803 0.085653
16.787 1.0859 0.0864
16.887 1.0915 0.087154
16.987 1.0971 0.087916
17.087 1.1027 0.088684
17.187 1.1083 0.08946
17.287 1.1139 0.090242
17.387 1.1194 0.091031
17.487 1.125 0.091825
17.587 1.1306 0.092627
17.687 1.1362 0.093434
17.787 1.1418 0.094246
17.887 1.1474 0.095065
17.987 1.153 0.095889
18.087 1.1585 0.096719
18.187 1.1641 0.097554
18.287 1.1697 0.098393
18.387 1.1753 0.099238
18.487 1.1809 0.10009
18.587 1.1865 0.10094
18.687 1.1921 0.1018
18.787 1.1976 0.10267
18.887 1.2032 0.10353
18.987 1.2088 0.10441
19.087 1.2144 0.10528
19.187 1.22 0.10616
19.287 1.2256 0.10705
19.387 1.2312 0.10794
19.487 1.2368 0.10883
19.587 1.2423 0.10972
19.687 1.2479 0.11062
19.787 1.2535 0.11153
19.887 1.2591 0.11243
19.987 1.2647 0.11334
