0.034342 -0.045629 0.052553
0.13434 -0.040917 0.052557
0.23434 -0.036141 0.052574
0.33434 -0.031301 0.052606
0.43434 -0.026396 0.052652
0.53434 -0.021427 0.052713
0.63434 -0.016394 0.052791
0.73434 -0.011296 0.052885
0.83434 -0.0061345 0.052996
0.93434 -0.00090849 0.053124
1.0343 0.0043817 0.053271
1.1343 0.0097361 0.053435
1.2343 0.015155 0.053618
1.3343 0.020637 0.05382
1.4343 0.026184 0.054042
1.5343 0.031795 0.054282
1.6343 0.03747 0.054542
1.7343 0.043209 0.054821
1.8343 0.049012 0.055119
1.9343 0.054879 0.055437
2.0343 0.06081 0.055773
2.1343 0.066804 0.056128
2.2343 0.072863 0.056501
2.3343 0.078985 0.056892
2.4343 0.085171 0.0573
2.5343 0.091421 0.057725
2.6343 0.097734 0.058165
2.7343 0.10411 0.05862
2.8343 0.11055 0.059089
2.9343 0.11706 0.059572
3.0343 0.12362 0.060065
3.1343 0.13025 0.06057
3.2343 0.13695 0.061083
3.3343 0.1437 0.061604
3.4343 0.15052 0.062131
3.5343 0.1574 0.062663
3.6343 0.16435 0.063197
3.7343 0.17136 0.063732
3.8343 0.17843 0.064266
3.9343 0.18556 0.064796
4.0343 0.19275 0.065321
4.1343 0.20001 0.065838
4.2343 0.20733 0.066344
4.3343 0.21471 0.066837
4.4343 0.22215 0.067315
4.5343 0.22965 0.067774
4.6343 0.23721 0.068212
4.7343 0.24483 0.068626
4.8343 0.25251 0.069012
4.9343 0.26026 0.069368
5.0343 0.26806 0.06969
5.1343 0.27592 0.069976
5.2343 0.28384 0.070222
5.3343 0.29182 0.070425
5.4343 0.29985 0.070583
5.5343 0.30795 0.070692
5.6343 0.3161 0.07075
5.7343 0.3243 0.070755
5.8343 0.33257 0.070704
5.9343 0.34088 0.070598
6.0343 0.34925 0.070436
6.1343 0.35768 0.070218
6.2343 0.36615 0.069946
6.3343 0.37468 0.069624
6.4343 0.38326 0.069258
6.5343 0.39189 0.068855
6.6343 0.40057 0.068428
6.7343 0.40929 0.067989
6.8343 0.41806 0.067559
6.9343 0.42688 0.067162
7.0343 0.43574 0.066828
7.1343 0.44464 0.066595
7.2343 0.45358 0.066505
7.3343 0.46256 0.066612
7.4343 0.47158 0.066975
7.5343 0.48063 0.06766
7.6343 0.48972 0.068738
7.7343 0.49883 0.070281
7.8343 0.50798 0.072364
7.9343 0.51715 0.075054
8.0343 0.52634 0.078413
8.1343 0.53555 0.082495
8.2343 0.54478 0.087342
8.3343 0.55402 0.092987
8.4343 0.56328 0.099456
8.5343 0.57254 0.10677
8.6343 0.58181 0.11493
8.7343 0.59107 0.12396
8.8343 0.60033 0.13387
8.9343 0.60958 0.14466
9.0343 0.61882 0.15434
9.1343 0.62801 0.13827
9.2343 0.6371 0.12328
9.3343 0.64611 0.10952
9.4343 0.65502 0.097112
9.5343 0.66383 0.086255
9.6343 0.67253 0.077155
9.7343 0.68111 0.070022
9.8343 0.68958 0.065018
9.9343 0.69792 0.062171
10.034 0.70614 0.061323
10.134 0.71422 0.062133
10.234 0.72215 0.064166
10.334 0.72994 0.06699
10.434 0.73757 0.070234
10.534 0.74505 0.073618
10.634 0.75236 0.076938
10.734 0.75951 0.080054
10.834 0.76647 0.082876
10.934 0.77326 0.085348
11.034 0.77987 0.087442
11.134 0.78629 0.089148
11.234 0.79251 0.09047
11.334 0.79855 0.091423
11.434 0.80438 0.092028
11.534 0.81001 0.092312
11.634 0.81545 0.092305
11.734 0.82068 0.092041
11.834 0.8257 0.09155
11.934 0.83052 0.090866
12.034 0.83514 0.090018
12.134 0.83956 0.089037
12.234 0.84377 0.087948
12.334 0.84779 0.086774
12.434 0.85161 0.085536
12.534 0.85523 0.084251
12.634 0.85867 0.082932
12.734 0.86192 0.081592
12.834 0.86498 0.080238
12.934 0.86787 0.078876
13.034 0.87059 0.077512
13.134 0.87314 0.076148
13.234 0.87552 0.074787
13.334 0.87775 0.073429
13.434 0.87983 0.072076
13.534 0.88176 0.070728
13.634 0.88355 0.069387
13.734 0.88521 0.068055
13.834 0.88674 0.066732
13.934 0.88815 0.065421
14.034 0.88944 0.064124
14.134 0.89062 0.062845
14.234 0.89169 0.061587
14.334 0.89266 0.060353
14.434 0.89354 0.059146
14.534 0.89433 0.057971
14.634 0.89503 0.056832
14.734 0.89566 0.05573
14.834 0.8962 0.054671
14.934 0.89668 0.053657
15.034 0.89708 0.05269
15.134 0.89743 0.051773
15.234 0.89771 0.050906
15.334 0.89794 0.050093
15.434 0.89811 0.049333
15.534 0.89824 0.048625
15.634 0.89832 0.047971
15.734 0.89836 0.04737
15.834 0.89835 0.046819
15.934 0.89831 0.046318
16.034 0.89823 0.045864
16.134 0.89812 0.045455
16.234 0.89798 0.045089
16.334 0.89781 0.044764
16.434 0.89761 0.044475
16.534 0.89739 0.044222
16.634 0.89714 0.043999
16.734 0.89687 0.043806
16.834 0.89658 0.043639
16.934 0.89628 0.043494
17.034 0.89595 0.043371
17.134 0.89561 0.043266
17.234 0.89525 0.043177
17.334 0.89488 0.043101
17.434 0.89449 0.043037
17.534 0.89409 0.042983
17.634 0.89368 0.042937
17.734 0.89326 0.042898
17.834 0.89283 0.042863
17.934 0.89239 0.042833
18.034 0.89194 0.042805
18.134 0.89148 0.04278
18.234 0.89102 0.042755
18.334 0.89055 0.04273
18.434 0.89007 0.042705
18.534 0.88958 0.042679
18.634 0.88909 0.042652
18.734 0.8886 0.042622
18.834 0.8881 0.04259
18.934 0.88759 0.042556
19.034 0.88708 0.042519
19.134 0.88657 0.042479
19.234 0.88606 0.042436
19.334 0.88554 0.04239
19.434 0.88501 0.042341
19.534 0.88449 0.042289
19.634 0.88396 0.042233
19.734 0.88343 0.042175
19.834 0.88289 0.042113
19.934 0.88236 0.042048
