0.013259 0.23936 0.04058
0.11326 0.24219 0.040424
0.21326 0.24509 0.040261
0.31326 0.24804 0.040092
0.41326 0.25104 0.039917
0.51326 0.25411 0.039737
0.61326 0.25723 0.03955
0.71326 0.26041 0.039359
0.81326 0.26365 0.039162
0.91326 0.26694 0.038961
1.0133 0.27029 0.038756
1.1133 0.2737 0.038547
1.2133 0.27717 0.038335
1.3133 0.28069 0.038121
1.4133 0.28427 0.037904
1.5133 0.28791 0.037686
1.6133 0.2916 0.037468
1.7133 0.29535 0.037251
1.8133 0.29915 0.037034
1.9133 0.30301 0.036821
2.0133 0.30693 0.036611
2.1133 0.31091 0.036406
2.2133 0.31494 0.036207
2.3133 0.31902 0.036016
2.4133 0.32316 0.035835
2.5133 0.32736 0.035665
2.6133 0.33161 0.035508
2.7133 0.33592 0.035367
2.8133 0.34028 0.035242
2.9133 0.3447 0.035138
3.0133 0.34917 0.035055
3.1133 0.3537 0.034998
3.2133 0.35828 0.034968
3.3133 0.36292 0.034967
3.4133 0.36761 0.035
3.5133 0.37236 0.035069
3.6133 0.37716 0.035177
3.7133 0.38201 0.035327
3.8133 0.38692 0.035522
3.9133 0.39188 0.035765
4.0133 0.39689 0.036059
4.1133 0.40196 0.036407
4.2133 0.40708 0.036811
4.3133 0.41226 0.037275
4.4133 0.41749 0.0378
4.5133 0.42277 0.038388
4.6133 0.4281 0.039043
4.7133 0.43348 0.039765
4.8133 0.43892 0.040557
4.9133 0.44441 0.041419
5.0133 0.44995 0.042354
5.1133 0.45554 0.043361
5.2133 0.46119 0.044442
5.3133 0.46688 0.045597
5.4133 0.47263 0.046827
5.5133 0.47842 0.048133
5.6133 0.48427 0.049514
5.7133 0.49017 0.050971
5.8133 0.49612 0.052503
5.9133 0.50211 0.054112
6.0133 0.50816 0.055796
6.1133 0.51426 0.057556
6.2133 0.5204 0.059392
6.3133 0.5266 0.061304
6.4133 0.53284 0.063291
6.5133 0.53913 0.065354
6.6133 0.54547 0.067493
6.7133 0.55186 0.069707
6.8133 0.5583 0.071996
6.9133 0.56478 0.074361
7.0133 0.57131 0.076802
7.1133 0.57789 0.079319
7.2133 0.58451 0.081911
7.3133 0.59118 0.08458
7.4133 0.5979 0.087324
7.5133 0.60466 0.090145
7.6133 0.61147 0.093042
7.7133 0.61832 0.096016
7.8133 0.62522 0.099067
7.9133 0.63216 0.10219
8.0133 0.63914 0.1054
8.1133 0.64616 0.10326
8.2133 0.65316 0.099166
8.3133 0.66014 0.095205
8.4133 0.6671 0.091382
8.5133 0.67404 0.087701
8.6133 0.68097 0.084168
8.7133 0.68787 0.080787
8.8133 0.69476 0.077564
8.9133 0.70162 0.074505
9.0133 0.70847 0.071615
9.1133 0.71529 0.0689
9.2133 0.7221 0.066365
9.3133 0.72888 0.064016
9.4133 0.73564 0.061857
9.5133 0.74238 0.059893
9.6133 0.74909 0.058125
9.7133 0.75578 0.056555
9.8133 0.76245 0.055184
9.9133 0.76909 0.05401
10.013 0.77571 0.053028
10.113 0.78231 0.052234
10.213 0.78888 0.05162
10.313 0.79542 0.051176
10.413 0.80194 0.050892
10.513 0.80843 0.050755
10.613 0.8149 0.050752
10.713 0.82134 0.050869
10.813 0.82775 0.051093
10.913 0.83413 0.051408
11.013 0.84048 0.051803
11.113 0.8468 0.052263
11.213 0.8531 0.052777
11.313 0.85936 0.053333
11.413 0.8656 0.053921
11.513 0.8718 0.05453
11.613 0.87797 0.055152
11.713 0.88411 0.05578
11.813 0.89022 0.056406
11.913 0.89629 0.057025
12.013 0.90233 0.05763
12.113 0.90834 0.058218
12.213 0.91431 0.058785
12.313 0.92025 0.059326
12.413 0.92615 0.05984
12.513 0.93202 0.060323
12.613 0.93785 0.060774
12.713 0.94364 0.061192
12.813 0.9494 0.061576
12.913 0.95512 0.061924
13.013 0.9608 0.062237
13.113 0.96644 0.062514
13.213 0.97204 0.062755
13.313 0.9776 0.062962
13.413 0.98312 0.063134
13.513 0.98861 0.063273
13.613 0.99405 0.06338
13.713 0.99944 0.063456
13.813 1.0048 0.063503
13.913 1.0101 0.063522
14.013 1.0154 0.063515
14.113 1.0206 0.063485
14.213 1.0258 0.063433
14.313 1.0309 0.063362
14.413 1.036 0.063273
14.513 1.0411 0.06317
14.613 1.0461 0.063055
14.713 1.051 0.06293
14.813 1.0559 0.062799
14.913 1.0608 0.062663
15.013 1.0656 0.062527
15.113 1.0704 0.062391
15.213 1.0751 0.06226
15.313 1.0797 0.062135
15.413 1.0843 0.062019
15.513 1.0889 0.061916
15.613 1.0934 0.061827
15.713 1.0979 0.061754
15.813 1.1023 0.0617
15.913 1.1067 0.061668
16.013 1.111 0.061658
16.113 1.1152 0.061673
16.213 1.1194 0.061714
16.313 1.1236 0.061782
16.413 1.1277 0.061878
16.513 1.1317 0.062004
16.613 1.1357 0.06216
16.713 1.1396 0.062345
16.813 1.1435 0.062561
16.913 1.1473 0.062806
17.013 1.1511 0.063081
17.113 1.1548 0.063384
17.213 1.1585 0.063716
17.313 1.1621 0.064074
17.413 1.1656 0.064458
17.513 1.1691 0.064866
17.613 1.1725 0.065296
17.713 1.1759 0.065746
17.813 1.1792 0.066216
17.913 1.1825 0.066702
18.013 1.1857 0.067203
18.113 1.1888 0.067716
18.213 1.1919 0.068239
18.313 1.1949 0.06877
18.413 1.1979 0.069307
18.513 1.2008 0.069848
18.613 1.2037 0.07039
18.713 1.2065 0.070931
18.813 1.2092 0.071468
18.913 1.2119 0.072001
19.013 1.2145 0.072526
19.113 1.217 0.073042
19.213 1.2195 0.073547
19.313 1.222 0.074038
19.413 1.2244 0.074515
19.513 1.2267 0.074975
19.613 1.229 0.075417
19.713 1.2312 0.07584
19.813 1.2333 0.076241
19.913 1.2354 0.07662
