0.066605 0.25579 0.022096
0.16661 0.25803 0.021818
0.26661 0.26028 0.021558
0.36661 0.26252 0.021316
0.46661 0.26477 0.021092
0.56661 0.26701 0.020886
0.66661 0.26924 0.020697
0.76661 0.27148 0.020526
0.86661 0.27371 0.020372
0.96661 0.27594 0.020235
1.0666 0.27817 0.020113
1.1666 0.28039 0.020006
1.2666 0.28261 0.019915
1.3666 0.28483 0.019838
1.4666 0.28705 0.019774
1.5666 0.28926 0.019723
1.6666 0.29147 0.019684
1.7666 0.29368 0.019656
1.8666 0.29588 0.019638
1.9666 0.29808 0.01963
2.0666 0.30027 0.019631
2.1666 0.30247 0.01964
2.2666 0.30465 0.019656
2.3666 0.30684 0.019678
2.4666 0.30902 0.019706
2.5666 0.3112 0.019738
2.6666 0.31337 0.019774
2.7666 0.31554 0.019813
2.8666 0.3177 0.019854
2.9666 0.31986 0.019897
3.0666 0.32202 0.019941
3.1666 0.32417 0.019985
3.2666 0.32631 0.020028
3.3666 0.32845 0.02007
3.4666 0.33058 0.020111
3.5666 0.33271 0.020149
3.6666 0.33484 0.020185
3.7666 0.33695 0.020217
3.8666 0.33907 0.020246
3.9666 0.34117 0.020271
4.0666 0.34327 0.020291
4.1666 0.34537 0.020306
4.2666 0.34745 0.020316
4.3666 0.34953 0.020321
4.4666 0.35161 0.02032
4.5666 0.35367 0.020313
4.6666 0.35573 0.0203
4.7666 0.35778 0.020281
4.8666 0.35983 0.020256
4.9666 0.36186 0.020224
5.0666 0.36389 0.020186
5.1666 0.36591 0.020141
5.2666 0.36793 0.020091
5.3666 0.36993 0.020034
5.4666 0.37192 0.019971
5.5666 0.37391 0.019902
5.6666 0.37589 0.019827
5.7666 0.37785 0.019747
5.8666 0.37981 0.019662
5.9666 0.38176 0.019572
6.0666 0.38369 0.019478
6.1666 0.38562 0.01938
6.2666 0.38754 0.019278
6.3666 0.38944 0.019173
6.4666 0.39134 0.019065
6.5666 0.39322 0.018955
6.6666 0.39509 0.018845
6.7666 0.39695 0.018733
6.8666 0.3988 0.018621
6.9666 0.40063 0.01851
7.0666 0.40245 0.018401
7.1666 0.40426 0.018293
7.2666 0.40606 0.018189
7.3666 0.40784 0.018088
7.4666 0.40961 0.017991
7.5666 0.41137 0.0179
7.6666 0.41311 0.017815
7.7666 0.41484 0.017737
7.8666 0.41655 0.017666
7.9666 0.41825 0.017604
8.0666 0.41993 0.017551
8.1666 0.4216 0.017507
8.2666 0.42325 0.017473
8.3666 0.42489 0.01745
8.4666 0.42651 0.017438
8.5666 0.42811 0.017438
8.6666 0.4297 0.017449
8.7666 0.43127 0.017473
8.8666 0.43282 0.017508
8.9666 0.43435 0.017555
9.0666 0.43587 0.017614
9.1666 0.43737 0.017685
9.2666 0.43885 0.017767
9.3666 0.44032 0.01786
9.4666 0.44176 0.017964
9.5666 0.44319 0.018077
9.6666 0.4446 0.0182
9.7666 0.44599 0.018332
9.8666 0.44735 0.018472
9.9666 0.4487 0.018618
10.067 0.45004 0.018771
10.167 0.45135 0.01893
10.267 0.45264 0.019093
10.367 0.45391 0.01926
10.467 0.45516 0.01943
10.567 0.45639 0.019601
10.667 0.4576 0.019774
10.767 0.45879 0.019946
10.867 0.45996 0.020118
10.967 0.46111 0.020288
11.067 0.46223 0.020456
11.167 0.46334 0.020621
11.267 0.46442 0.020782
11.367 0.46549 0.020938
11.467 0.46653 0.021089
11.567 0.46755 0.021234
11.667 0.46855 0.021372
11.767 0.46953 0.021503
11.867 0.47049 0.021627
11.967 0.47143 0.021743
12.067 0.47235 0.02185
12.167 0.47324 0.021949
12.267 0.47412 0.022039
12.367 0.47497 0.02212
12.467 0.47581 0.022191
12.567 0.47662 0.022253
12.667 0.47741 0.022305
12.767 0.47818 0.022347
12.867 0.47893 0.02238
12.967 0.47966 0.022403
13.067 0.48037 0.022417
13.167 0.48106 0.022421
13.267 0.48173 0.022417
13.367 0.48238 0.022403
13.467 0.48301 0.02238
13.567 0.48362 0.022349
13.667 0.48421 0.02231
13.767 0.48478 0.022264
13.867 0.48533 0.02221
13.967 0.48586 0.022149
14.067 0.48638 0.022082
14.167 0.48687 0.022008
14.267 0.48735 0.02193
14.367 0.48781 0.021846
14.467 0.48826 0.021758
14.567 0.48868 0.021666
14.667 0.48909 0.021571
14.767 0.48948 0.021474
14.867 0.48985 0.021374
14.967 0.49021 0.021272
15.067 0.49055 0.02117
15.167 0.49087 0.021067
15.267 0.49118 0.020965
15.367 0.49148 0.020863
15.467 0.49175 0.020762
15.567 0.49202 0.020664
15.667 0.49226 0.020567
15.767 0.4925 0.020474
15.867 0.49271 0.020384
15.967 0.49292 0.020297
16.067 0.49311 0.020215
16.167 0.49329 0.020137
16.267 0.49345 0.020065
16.367 0.4936 0.019997
16.467 0.49374 0.019935
16.567 0.49386 0.019879
16.667 0.49398 0.019829
16.767 0.49408 0.019785
16.867 0.49417 0.019748
16.967 0.49424 0.019717
17.067 0.49431 0.019692
17.167 0.49437 0.019674
17.267 0.49441 0.019662
17.367 0.49444 0.019657
17.467 0.49447 0.019658
17.567 0.49448 0.019666
17.667 0.49448 0.019679
17.767 0.49448 0.019699
17.867 0.49446 0.019724
17.967 0.49444 0.019755
18.067 0.4944 0.019791
18.167 0.49436 0.019831
18.267 0.49431 0.019877
18.367 0.49425 0.019927
18.467 0.49418 0.019982
18.567 0.4941 0.02004
18.667 0.49402 0.020101
18.767 0.49393 0.020166
18.867 0.49383 0.020234
18.967 0.49372 0.020305
19.067 0.49361 0.020377
19.167 0.49349 0.020452
19.267 0.49336 0.020528
19.367 0.49323 0.020606
19.467 0.49309 0.020685
19.567 0.49295 0.020765
19.667 0.4928 0.020845
19.767 0.49264 0.020925
19.867 0.49248 0.021006
19.967 0.49231 0.021086
