0.04856 0.2485 0.02163
0.14856 0.24969 0.021651
0.24856 0.25088 0.021669
0.34856 0.25209 0.021683
0.44856 0.25331 0.021694
0.54856 0.25455 0.021702
0.64856 0.25579 0.021708
0.74856 0.25704 0.021711
0.84856 0.25831 0.021711
0.94856 0.25958 0.021709
1.0486 0.26087 0.021706
1.1486 0.26216 0.021701
1.2486 0.26347 0.021694
1.3486 0.26478 0.021686
1.4486 0.26611 0.021677
1.5486 0.26745 0.021668
1.6486 0.26879 0.021658
1.7486 0.27015 0.021648
1.8486 0.27151 0.021638
1.9486 0.27288 0.021628
2.0486 0.27427 0.021619
2.1486 0.27566 0.02161
2.2486 0.27706 0.021601
2.3486 0.27848 0.021594
2.4486 0.2799 0.021588
2.5486 0.28133 0.021583
2.6486 0.28277 0.02158
2.7486 0.28422 0.021578
2.8486 0.28568 0.021578
2.9486 0.28715 0.021579
3.0486 0.28863 0.021582
3.1486 0.29012 0.021586
3.2486 0.29162 0.021593
3.3486 0.29313 0.021601
3.4486 0.29465 0.021611
3.5486 0.29618 0.021622
3.6486 0.29772 0.021635
3.7486 0.29926 0.021649
3.8486 0.30082 0.021664
3.9486 0.3024 0.021681
4.0486 0.30398 0.021699
4.1486 0.30557 0.021717
4.2486 0.30717 0.021736
4.3486 0.30879 0.021755
4.4486 0.31041 0.021774
4.5486 0.31205 0.021793
4.6486 0.3137 0.021811
4.7486 0.31536 0.021829
4.8486 0.31703 0.021846
4.9486 0.31872 0.021861
5.0486 0.32042 0.021875
5.1486 0.32213 0.021886
5.2486 0.32386 0.021896
5.3486 0.32559 0.021902
5.4486 0.32735 0.021906
5.5486 0.32911 0.021907
5.6486 0.33089 0.021905
5.7486 0.33269 0.021899
5.8486 0.33449 0.021889
5.9486 0.33632 0.021875
6.0486 0.33816 0.021857
6.1486 0.34001 0.021835
6.2486 0.34189 0.021809
6.3486 0.34377 0.021778
6.4486 0.34568 0.021743
6.5486 0.3476 0.021705
6.6486 0.34954 0.021663
6.7486 0.35149 0.021617
6.8486 0.35347 0.021568
6.9486 0.35546 0.021517
7.0486 0.35747 0.021464
7.1486 0.3595 0.02141
7.2486 0.36155 0.021356
7.3486 0.36362 0.021304
7.4486 0.36571 0.021253
7.5486 0.36782 0.021206
7.6486 0.36995 0.021165
7.7486 0.3721 0.02113
7.8486 0.37427 0.021105
7.9486 0.37647 0.021092
8.0486 0.37869 0.021092
8.1486 0.38093 0.021109
8.2486 0.38319 0.021145
8.3486 0.38548 0.021204
8.4486 0.38779 0.021289
8.5486 0.39013 0.021403
8.6486 0.39249 0.02155
8.7486 0.39488 0.021733
8.8486 0.39729 0.021956
8.9486 0.39973 0.022222
9.0486 0.40219 0.022536
9.1486 0.40468 0.022899
9.2486 0.4072 0.023317
9.3486 0.40975 0.023791
9.4486 0.41233 0.024324
9.5486 0.41493 0.024919
9.6486 0.41756 0.025578
9.7486 0.42023 0.026303
9.8486 0.42292 0.027095
9.9486 0.42564 0.027956
10.049 0.42838 0.027675
10.149 0.43108 0.02663
10.249 0.43375 0.025654
10.349 0.43637 0.024747
10.449 0.43895 0.023908
10.549 0.44149 0.023137
10.649 0.44399 0.022435
10.749 0.44645 0.021801
10.849 0.44887 0.021233
10.949 0.45125 0.020731
11.049 0.45359 0.020292
11.149 0.4559 0.019915
11.249 0.45817 0.019596
11.349 0.4604 0.019334
11.449 0.46259 0.019125
11.549 0.46475 0.018966
11.649 0.46687 0.018852
11.749 0.46895 0.01878
11.849 0.471 0.018747
11.949 0.47302 0.018748
12.049 0.475 0.018779
12.149 0.47695 0.018837
12.249 0.47886 0.018919
12.349 0.48075 0.01902
12.449 0.48259 0.019138
12.549 0.48441 0.019271
12.649 0.48619 0.019414
12.749 0.48795 0.019567
12.849 0.48967 0.019726
12.949 0.49136 0.01989
13.049 0.49302 0.020056
13.149 0.49465 0.020224
13.249 0.49625 0.020392
13.349 0.49782 0.020559
13.449 0.49936 0.020723
13.549 0.50088 0.020885
13.649 0.50236 0.021042
13.749 0.50382 0.021194
13.849 0.50525 0.021341
13.949 0.50665 0.021482
14.049 0.50803 0.021616
14.149 0.50938 0.021744
14.249 0.5107 0.021865
14.349 0.512 0.021979
14.449 0.51327 0.022086
14.549 0.51452 0.022185
14.649 0.51574 0.022277
14.749 0.51694 0.022361
14.849 0.51812 0.022438
14.949 0.51927 0.022507
15.049 0.52039 0.022569
15.149 0.5215 0.022623
15.249 0.52258 0.02267
15.349 0.52364 0.02271
15.449 0.52468 0.022743
15.549 0.52569 0.022769
15.649 0.52669 0.022788
15.749 0.52766 0.0228
15.849 0.52861 0.022806
15.949 0.52954 0.022805
16.049 0.53045 0.022799
16.149 0.53134 0.022786
16.249 0.53221 0.022768
16.349 0.53307 0.022744
16.449 0.5339 0.022715
16.549 0.53471 0.022681
16.649 0.53551 0.022642
16.749 0.53628 0.022598
16.849 0.53704 0.022549
16.949 0.53778 0.022496
17.049 0.5385 0.022439
17.149 0.53921 0.022378
17.249 0.5399 0.022314
17.349 0.54057 0.022245
17.449 0.54122 0.022174
17.549 0.54186 0.022099
17.649 0.54248 0.022021
17.749 0.54309 0.02194
17.849 0.54368 0.021857
17.949 0.54426 0.021771
18.049 0.54482 0.021683
18.149 0.54536 0.021593
18.249 0.54589 0.021501
18.349 0.54641 0.021407
18.449 0.54691 0.021311
18.549 0.5474 0.021215
18.649 0.54787 0.021116
18.749 0.54833 0.021017
18.849 0.54878 0.020917
18.949 0.54921 0.020816
19.049 0.54963 0.020715
19.149 0.55004 0.020612
19.249 0.55044 0.02051
19.349 0.55082 0.020407
19.449 0.55119 0.020304
19.549 0.55155 0.020201
19.649 0.55189 0.020099
19.749 0.55223 0.019996
19.849 0.55255 0.019894
19.949 0.55286 0.019792
