0.062829 0.17288 0.017902
0.16283 0.17424 0.017876
0.26283 0.17562 0.017849
0.36283 0.17702 0.01782
0.46283 0.17846 0.01779
0.56283 0.17992 0.017758
0.66283 0.18141 0.017726
0.76283 0.18292 0.017693
0.86283 0.18447 0.017659
0.96283 0.18604 0.017625
1.0628 0.18764 0.017592
1.1628 0.18926 0.017559
1.2628 0.19092 0.017527
1.3628 0.1926 0.017496
1.4628 0.19431 0.017468
1.5628 0.19604 0.017441
1.6628 0.19781 0.017418
1.7628 0.1996 0.017398
1.8628 0.20142 0.017382
1.9628 0.20326 0.01737
2.0628 0.20514 0.017363
2.1628 0.20704 0.017362
2.2628 0.20897 0.017367
2.3628 0.21092 0.017379
2.4628 0.21291 0.017398
2.5628 0.21492 0.017425
2.6628 0.21695 0.017461
2.7628 0.21902 0.017505
2.8628 0.22111 0.01756
2.9628 0.22323 0.017625
3.0628 0.22538 0.0177
3.1628 0.22756 0.017787
3.2628 0.22976 0.017886
3.3628 0.23199 0.017997
3.4628 0.23425 0.01812
3.5628 0.23653 0.018257
3.6628 0.23884 0.018407
3.7628 0.24118 0.018571
3.8628 0.24355 0.018748
3.9628 0.24594 0.01894
4.0628 0.24836 0.019145
4.1628 0.25081 0.019365
4.2628 0.25329 0.019599
4.3628 0.25579 0.019847
4.4628 0.25832 0.020109
4.5628 0.26088 0.020385
4.6628 0.26346 0.020674
4.7628 0.26607 0.020976
4.8628 0.26871 0.021291
4.9628 0.27138 0.021618
5.0628 0.27407 0.021957
5.1628 0.27679 0.022308
5.2628 0.27953 0.022669
5.3628 0.2823 0.02304
5.4628 0.2851 0.02342
5.5628 0.28793 0.023809
5.6628 0.29078 0.024205
5.7628 0.29366 0.024609
5.8628 0.29656 0.025018
5.9628 0.29949 0.025432
6.0628 0.30245 0.02585
6.1628 0.30543 0.026271
6.2628 0.30844 0.026693
6.3628 0.31148 0.027116
6.4628 0.31454 0.027538
6.5628 0.31762 0.027958
6.6628 0.32074 0.028375
6.7628 0.32387 0.028787
6.8628 0.32703 0.029193
6.9628 0.33022 0.029591
7.0628 0.33343 0.02998
7.1628 0.33666 0.030358
7.2628 0.33992 0.030724
7.3628 0.3432 0.031075
7.4628 0.34651 0.03141
7.5628 0.34984 0.031728
7.6628 0.35319 0.032026
7.7628 0.35656 0.032303
7.8628 0.35996 0.032557
7.9628 0.36337 0.032785
8.0628 0.36681 0.032987
8.1628 0.37027 0.033161
8.2628 0.37374 0.033304
8.3628 0.37724 0.033416
8.4628 0.38075 0.033494
8.5628 0.38428 0.033538
8.6628 0.38783 0.033546
8.7628 0.39139 0.033518
8.8628 0.39497 0.033452
8.9628 0.39856 0.033349
9.0628 0.40217 0.033209
9.1628 0.40578 0.033034
9.2628 0.40941 0.032823
9.3628 0.41305 0.03258
9.4628 0.41669 0.032307
9.5628 0.42034 0.032008
9.6628 0.42399 0.031689
9.7628 0.42765 0.031356
9.8628 0.43131 0.031015
9.9628 0.43496 0.030675
10.063 0.43862 0.030346
10.163 0.44227 0.030039
10.263 0.44591 0.029765
10.363 0.44954 0.029537
10.463 0.45316 0.029367
10.563 0.45676 0.029267
10.663 0.46035 0.029247
10.763 0.46392 0.029315
10.863 0.46746 0.029477
10.963 0.47097 0.029734
11.063 0.47446 0.030082
11.163 0.47791 0.030515
11.263 0.48133 0.03102
11.363 0.48471 0.03158
11.463 0.48804 0.032175
11.563 0.49133 0.03278
11.663 0.49457 0.033368
11.763 0.49775 0.033911
11.863 0.50088 0.034377
11.963 0.50395 0.034738
12.063 0.50696 0.034962
12.163 0.5099 0.035023
12.263 0.51277 0.034895
12.363 0.51558 0.034559
12.463 0.51831 0.034002
12.563 0.52096 0.033224
12.663 0.52354 0.032238
12.763 0.52604 0.031079
12.863 0.52846 0.029818
12.963 0.5308 0.028568
13.063 0.53306 0.027504
13.163 0.53524 0.026869
13.263 0.53734 0.026958
13.363 0.53936 0.028063
13.463 0.5413 0.030385
13.563 0.54317 0.033987
13.663 0.54496 0.038813
13.763 0.54668 0.044747
13.863 0.54832 0.051665
13.963 0.5499 0.059459
14.063 0.55141 0.06617
14.163 0.55284 0.059894
14.263 0.55418 0.054154
14.363 0.55544 0.048932
14.463 0.55661 0.044209
14.563 0.55771 0.039965
14.663 0.55874 0.03618
14.763 0.55969 0.032832
14.863 0.56057 0.029896
14.963 0.56139 0.027349
15.063 0.56215 0.025163
15.163 0.56285 0.02331
15.263 0.5635 0.021758
15.363 0.56409 0.020477
15.463 0.56464 0.019431
15.563 0.56514 0.018588
15.663 0.5656 0.017914
15.763 0.56601 0.01738
15.863 0.56639 0.016959
15.963 0.56673 0.016626
16.063 0.56704 0.016362
16.163 0.56732 0.016151
16.263 0.56757 0.01598
16.363 0.56779 0.015838
16.463 0.56799 0.015718
16.563 0.56816 0.015615
16.663 0.56832 0.015524
16.763 0.56845 0.015443
16.863 0.56856 0.015368
16.963 0.56866 0.015299
17.063 0.56874 0.015235
17.163 0.5688 0.015176
17.263 0.56885 0.01512
17.363 0.56889 0.015067
17.463 0.56892 0.015018
17.563 0.56893 0.014972
17.663 0.56894 0.014929
17.763 0.56893 0.014889
17.863 0.56892 0.014852
17.963 0.5689 0.014817
18.063 0.56887 0.014785
18.163 0.56883 0.014755
18.263 0.56879 0.014727
18.363 0.56874 0.014701
18.463 0.56869 0.014676
18.563 0.56863 0.014653
18.663 0.56857 0.014631
18.763 0.5685 0.01461
18.863 0.56843 0.01459
18.963 0.56835 0.014571
19.063 0.56827 0.014552
19.163 0.56819 0.014533
19.263 0.56811 0.014514
19.363 0.56802 0.014496
19.463 0.56793 0.014477
19.563 0.56784 0.014458
19.663 0.56774 0.014439
19.763 0.56765 0.014419
19.863 0.56755 0.014399
19.963 0.56745 0.014379
