0.053232 0.26778 0.044825
0.15323 0.2734 0.044994
0.25323 0.27908 0.045187
0.35323 0.28482 0.045403
0.45323 0.29062 0.045641
0.55323 0.29648 0.045898
0.65323 0.30241 0.046174
0.75323 0.30841 0.046466
0.85323 0.31447 0.046773
0.95323 0.3206 0.047093
1.0532 0.3268 0.047425
1.1532 0.33308 0.047766
1.2532 0.33942 0.048115
1.3532 0.34585 0.04847
1.4532 0.35235 0.048829
1.5532 0.35892 0.04919
1.6532 0.36558 0.049552
1.7532 0.37232 0.049912
1.8532 0.37915 0.050269
1.9532 0.38606 0.050622
2.0532 0.39305 0.050968
2.1532 0.40014 0.051306
2.2532 0.40732 0.051635
2.3532 0.41459 0.051952
2.4532 0.42195 0.052257
2.5532 0.42941 0.052547
2.6532 0.43698 0.052822
2.7532 0.44464 0.05308
2.8532 0.4524 0.053319
2.9532 0.46027 0.053539
3.0532 0.46825 0.053738
3.1532 0.47633 0.053915
3.2532 0.48453 0.05407
3.3532 0.49284 0.0542
3.4532 0.50127 0.054306
3.5532 0.50981 0.054386
3.6532 0.51847 0.05444
3.7532 0.52726 0.054466
3.8532 0.53617 0.054465
3.9532 0.5452 0.054437
4.0532 0.55437 0.054379
4.1532 0.56366 0.054294
4.2532 0.57309 0.05418
4.3532 0.58265 0.054037
4.4532 0.59235 0.053866
4.5532 0.6022 0.053667
4.6532 0.61218 0.053441
4.7532 0.62231 0.053188
4.8532 0.63258 0.05291
4.9532 0.643 0.052608
5.0532 0.65358 0.052284
5.1532 0.66431 0.051938
5.2532 0.67519 0.051574
5.3532 0.68623 0.051194
5.4532 0.69744 0.050802
5.5532 0.7088 0.050399
5.6532 0.72033 0.049991
5.7532 0.73203 0.049582
5.8532 0.7439 0.049177
5.9532 0.75595 0.04878
6.0532 0.76816 0.0484
6.1532 0.78056 0.048041
6.2532 0.79313 0.047712
6.3532 0.80589 0.047421
6.4532 0.81883 0.047176
6.5532 0.83195 0.046987
6.6532 0.84527 0.046864
6.7532 0.85877 0.046816
6.8532 0.87247 0.046855
6.9532 0.88637 0.046991
7.0532 0.90046 0.047235
7.1532 0.91476 0.047597
7.2532 0.92925 0.048086
7.3532 0.94396 0.048711
7.4532 0.95886 0.049481
7.5532 0.97398 0.050403
7.6532 0.98931 0.051482
7.7532 1.0049 0.052722
7.8532 1.0204 0.05168
7.9532 1.0358 0.050454
8.0532 1.051 0.049285
8.1532 1.0659 0.048171
8.2532 1.0806 0.047112
8.3532 1.0951 0.046106
8.4532 1.1094 0.045152
8.5532 1.1235 0.044249
8.6532 1.1374 0.043394
8.7532 1.1511 0.042587
8.8532 1.1646 0.041826
8.9532 1.1779 0.04111
9.0532 1.191 0.040437
9.1532 1.2039 0.039805
9.2532 1.2167 0.039212
9.3532 1.2292 0.038657
9.4532 1.2415 0.038139
9.5532 1.2537 0.037655
9.6532 1.2657 0.037203
9.7532 1.2775 0.036783
9.8532 1.2891 0.036392
9.9532 1.3006 0.036028
10.053 1.3118 0.03569
10.153 1.3229 0.035376
10.253 1.3339 0.035085
10.353 1.3446 0.034815
10.453 1.3552 0.034565
10.553 1.3657 0.034333
10.653 1.3759 0.034117
10.753 1.3861 0.033916
10.853 1.396 0.033729
10.953 1.4058 0.033555
11.053 1.4155 0.033393
11.153 1.4249 0.033241
11.253 1.4343 0.033098
11.353 1.4435 0.032963
11.453 1.4525 0.032836
11.553 1.4614 0.032715
11.653 1.4702 0.032601
11.753 1.4788 0.032491
11.853 1.4873 0.032385
11.953 1.4956 0.032283
12.053 1.5038 0.032183
12.153 1.5119 0.032087
12.253 1.5198 0.031992
12.353 1.5276 0.031898
12.453 1.5353 0.031806
12.553 1.5428 0.031714
12.653 1.5502 0.031623
12.753 1.5575 0.031531
12.853 1.5647 0.03144
12.953 1.5717 0.031347
13.053 1.5786 0.031255
13.153 1.5854 0.031161
13.253 1.5921 0.031066
13.353 1.5987 0.03097
13.453 1.6052 0.030872
13.553 1.6115 0.030773
13.653 1.6177 0.030673
13.753 1.6239 0.030571
13.853 1.6299 0.030468
13.953 1.6358 0.030363
14.053 1.6416 0.030256
14.153 1.6473 0.030148
14.253 1.6529 0.030038
14.353 1.6584 0.029926
14.453 1.6637 0.029813
14.553 1.669 0.029699
14.653 1.6742 0.029583
14.753 1.6793 0.029465
14.853 1.6843 0.029347
14.953 1.6892 0.029227
15.053 1.6941 0.029106
15.153 1.6988 0.028983
15.253 1.7034 0.02886
15.353 1.708 0.028736
15.453 1.7124 0.028611
15.553 1.7168 0.028485
15.653 1.7211 0.028359
15.753 1.7253 0.028232
15.853 1.7294 0.028105
15.953 1.7334 0.027977
16.053 1.7374 0.027849
16.153 1.7413 0.027721
16.253 1.7451 0.027593
16.353 1.7488 0.027465
16.453 1.7524 0.027338
16.553 1.756 0.02721
16.653 1.7595 0.027083
16.753 1.7629 0.026956
16.853 1.7663 0.026831
16.953 1.7696 0.026705
17.053 1.7728 0.026581
17.153 1.7759 0.026457
17.253 1.779 0.026335
17.353 1.782 0.026213
17.453 1.7849 0.026093
17.553 1.7878 0.025974
17.653 1.7906 0.025856
17.753 1.7933 0.02574
17.853 1.796 0.025625
17.953 1.7986 0.025511
18.053 1.8012 0.0254
18.153 1.8037 0.02529
18.253 1.8061 0.025182
18.353 1.8085 0.025076
18.453 1.8108 0.024971
18.553 1.8131 0.024869
18.653 1.8153 0.024769
18.753 1.8174 0.02467
18.853 1.8195 0.024574
18.953 1.8216 0.02448
19.053 1.8236 0.024389
19.153 1.8255 0.024299
19.253 1.8274 0.024212
19.353 1.8292 0.024127
19.453 1.831 0.024045
19.553 1.8328 0.023965
19.653 1.8344 0.023887
19.753 1.8361 0.023812
19.853 1.8377 0.023739
19.953 1.8392 0.023668
