0.041046 0.50855 0.10189
0.14105 0.51528 0.10124
0.24105 0.52201 0.10059
0.34105 0.52873 0.099936
0.44105 0.53546 0.099288
0.54105 0.54219 0.098641
0.64105 0.54892 0.097996
0.74105 0.55565 0.097352
0.84105 0.56237 0.096709
0.94105 0.5691 0.096067
1.041 0.57583 0.095427
1.141 0.58256 0.094789
1.241 0.58928 0.094151
1.341 0.59601 0.093516
1.441 0.60274 0.092882
1.541 0.60947 0.092249
1.641 0.6162 0.091618
1.741 0.62292 0.090989
1.841 0.62965 0.090361
1.941 0.63638 0.089735
2.041 0.64311 0.089111
2.141 0.64984 0.088488
2.241 0.65656 0.087868
2.341 0.66329 0.087249
2.441 0.67002 0.086632
2.541 0.67675 0.086017
2.641 0.68348 0.085404
2.741 0.6902 0.084793
2.841 0.69693 0.084184
2.941 0.70366 0.083577
3.041 0.71039 0.082972
3.141 0.71711 0.082369
3.241 0.72384 0.081769
3.341 0.73057 0.081171
3.441 0.7373 0.080575
3.541 0.74403 0.079982
3.641 0.75075 0.079391
3.741 0.75748 0.078803
3.841 0.76421 0.078217
3.941 0.77094 0.077634
4.041 0.77767 0.077053
4.141 0.78439 0.076476
4.241 0.79112 0.075901
4.341 0.79785 0.075328
4.441 0.80458 0.074759
4.541 0.8113 0.074193
4.641 0.81803 0.07363
4.741 0.82476 0.07307
4.841 0.83149 0.072513
4.941 0.83822 0.07196
5.041 0.84494 0.07141
5.141 0.85167 0.070863
5.241 0.8584 0.07032
5.341 0.86513 0.06978
5.441 0.87186 0.069244
5.541 0.87858 0.068712
5.641 0.88531 0.068184
5.741 0.89204 0.06766
5.841 0.89877 0.067139
5.941 0.9055 0.066623
6.041 0.91222 0.066111
6.141 0.91895 0.065604
6.241 0.92568 0.065101
6.341 0.93241 0.064602
6.441 0.93913 0.064108
6.541 0.94586 0.063619
6.641 0.95259 0.063135
6.741 0.95932 0.062655
6.841 0.96605 0.062181
6.941 0.97277 0.061712
7.041 0.9795 0.061248
7.141 0.98623 0.06079
7.241 0.99296 0.060337
7.341 0.99969 0.05989
7.441 1.0064 0.059449
7.541 1.0131 0.059014
7.641 1.0199 0.058585
7.741 1.0266 0.058162
7.841 1.0333 0.057745
7.941 1.0401 0.057335
8.041 1.0468 0.056932
8.141 1.0535 0.056535
8.241 1.0602 0.056145
8.341 1.067 0.055763
8.441 1.0737 0.055387
8.541 1.0804 0.055019
8.641 1.0871 0.054659
8.741 1.0939 0.054306
8.841 1.1006 0.053961
8.941 1.1073 0.053624
9.041 1.1141 0.053295
9.141 1.1208 0.052974
9.241 1.1275 0.052662
9.341 1.1342 0.052358
9.441 1.141 0.052063
9.541 1.1477 0.051777
9.641 1.1544 0.0515
9.741 1.1612 0.051232
9.841 1.1679 0.050974
9.941 1.1746 0.050725
10.041 1.1813 0.050485
10.141 1.1881 0.050255
10.241 1.1948 0.050035
10.341 1.2015 0.049825
10.441 1.2082 0.049625
10.541 1.215 0.049436
10.641 1.2217 0.049257
10.741 1.2284 0.049088
10.841 1.2352 0.04893
10.941 1.2419 0.048782
11.041 1.2486 0.048645
11.141 1.2553 0.04852
11.241 1.2621 0.048405
11.341 1.2688 0.048301
11.441 1.2755 0.048208
11.541 1.2823 0.048127
11.641 1.289 0.048056
11.741 1.2957 0.047997
11.841 1.3024 0.047949
11.941 1.3092 0.047913
12.041 1.3159 0.047888
12.141 1.3226 0.047874
12.241 1.3294 0.047872
12.341 1.3361 0.047881
12.441 1.3428 0.047902
12.541 1.3495 0.047934
12.641 1.3563 0.047978
12.741 1.363 0.048032
12.841 1.3697 0.048098
12.941 1.3764 0.048175
13.041 1.3832 0.048264
13.141 1.3899 0.048364
13.241 1.3966 0.048474
13.341 1.4034 0.048596
13.441 1.4101 0.048728
13.541 1.4168 0.048872
13.641 1.4235 0.049026
13.741 1.4303 0.049191
13.841 1.437 0.049366
13.941 1.4437 0.049551
14.041 1.4505 0.049747
14.141 1.4572 0.049953
14.241 1.4639 0.05017
14.341 1.4706 0.050396
14.441 1.4774 0.050631
14.541 1.4841 0.050877
14.641 1.4908 0.051132
14.741 1.4975 0.051396
14.841 1.5043 0.05167
14.941 1.511 0.051952
15.041 1.5177 0.052244
15.141 1.5245 0.052544
15.241 1.5312 0.052853
15.341 1.5379 0.053171
15.441 1.5446 0.053497
15.541 1.5514 0.053831
15.641 1.5581 0.054173
15.741 1.5648 0.054522
15.841 1.5716 0.05488
15.941 1.5783 0.055245
16.041 1.585 0.055618
16.141 1.5917 0.055998
16.241 1.5985 0.056385
16.341 1.6052 0.056779
16.441 1.6119 0.057179
16.541 1.6186 0.057587
16.641 1.6254 0.058001
16.741 1.6321 0.058421
16.841 1.6388 0.058848
16.941 1.6456 0.059281
17.041 1.6523 0.05972
17.141 1.659 0.060165
17.241 1.6657 0.060615
17.341 1.6725 0.061071
17.441 1.6792 0.061533
17.541 1.6859 0.062
17.641 1.6927 0.062472
17.741 1.6994 0.06295
17.841 1.7061 0.063432
17.941 1.7128 0.06392
18.041 1.7196 0.064412
18.141 1.7263 0.064909
18.241 1.733 0.06541
18.341 1.7398 0.065916
18.441 1.7465 0.066426
18.541 1.7532 0.066941
18.641 1.7599 0.067459
18.741 1.7667 0.067982
18.841 1.7734 0.068509
18.941 1.7801 0.069039
19.041 1.7868 0.069574
19.141 1.7936 0.070112
19.241 1.8003 0.070654
19.341 1.807 0.071199
19.441 1.8138 0.071748
19.541 1.8205 0.0723
19.641 1.8272 0.072856
19.741 1.8339 0.073414
19.841 1.8407 0.073976
19.941 1.8474 0.074541
