0.062829 0.45006 0.046072
0.16283 0.45608 0.045951
0.26283 0.46222 0.045824
0.36283 0.46847 0.04569
0.46283 0.47484 0.045549
0.56283 0.48132 0.045402
0.66283 0.48792 0.045248
0.76283 0.49463 0.045088
0.86283 0.50146 0.044921
0.96283 0.5084 0.044748
1.0628 0.51546 0.044569
1.1628 0.52263 0.044384
1.2628 0.52991 0.044195
1.3628 0.53731 0.044001
1.4628 0.54482 0.043804
1.5628 0.55244 0.043605
1.6628 0.56017 0.043404
1.7628 0.56801 0.043202
1.8628 0.57597 0.043002
1.9628 0.58403 0.042804
2.0628 0.5922 0.042611
2.1628 0.60049 0.042424
2.2628 0.60888 0.042246
2.3628 0.61738 0.042079
2.4628 0.62599 0.041926
2.5628 0.6347 0.04179
2.6628 0.64352 0.041673
2.7628 0.65245 0.04158
2.8628 0.66149 0.041514
2.9628 0.67063 0.041479
3.0628 0.67987 0.041479
3.1628 0.68922 0.041519
3.2628 0.69868 0.041603
3.3628 0.70823 0.041735
3.4628 0.71789 0.041922
3.5628 0.72765 0.042167
3.6628 0.73752 0.042475
3.7628 0.74748 0.042851
3.8628 0.75754 0.043301
3.9628 0.76771 0.043828
4.0628 0.77797 0.044436
4.1628 0.78834 0.04513
4.2628 0.7988 0.045914
4.3628 0.80935 0.04679
4.4628 0.82001 0.047761
4.5628 0.83076 0.048831
4.6628 0.84161 0.050001
4.7628 0.85255 0.051272
4.8628 0.86358 0.052646
4.9628 0.87471 0.054125
5.0628 0.88593 0.055708
5.1628 0.89725 0.057396
5.2628 0.90865 0.059189
5.3628 0.92015 0.061087
5.4628 0.93174 0.06309
5.5628 0.94342 0.065197
5.6628 0.95518 0.067407
5.7628 0.96703 0.069721
5.8628 0.97898 0.072137
5.9628 0.991 0.074654
6.0628 1.0031 0.077271
6.1628 1.0153 0.079989
6.2628 1.0276 0.082805
6.3628 1.04 0.08572
6.4628 1.0524 0.088731
6.5628 1.0649 0.091839
6.6628 1.0775 0.091187
6.7628 1.0901 0.08758
6.8628 1.1026 0.084197
6.9628 1.115 0.08104
7.0628 1.1274 0.078113
7.1628 1.1397 0.07542
7.2628 1.152 0.072963
7.3628 1.1642 0.070742
7.4628 1.1764 0.068756
7.5628 1.1885 0.067003
7.6628 1.2005 0.065478
7.7628 1.2124 0.064175
7.8628 1.2243 0.063085
7.9628 1.2362 0.062197
8.0628 1.248 0.0615
8.1628 1.2597 0.060979
8.2628 1.2713 0.060621
8.3628 1.2829 0.060408
8.4628 1.2944 0.060326
8.5628 1.3058 0.060358
8.6628 1.3172 0.060488
8.7628 1.3285 0.060701
8.8628 1.3397 0.060983
8.9628 1.3508 0.061319
9.0628 1.3619 0.061697
9.1628 1.3729 0.062106
9.2628 1.3839 0.062534
9.3628 1.3947 0.062973
9.4628 1.4055 0.063413
9.5628 1.4162 0.063849
9.6628 1.4268 0.064272
9.7628 1.4373 0.064677
9.8628 1.4478 0.06506
9.9628 1.4582 0.065417
10.063 1.4685 0.065743
10.163 1.4787 0.066037
10.263 1.4888 0.066296
10.363 1.4989 0.066519
10.463 1.5089 0.066704
10.563 1.5187 0.066851
10.663 1.5285 0.06696
10.763 1.5383 0.06703
10.863 1.5479 0.067062
10.963 1.5574 0.067057
11.063 1.5669 0.067015
11.163 1.5762 0.066939
11.263 1.5855 0.066829
11.363 1.5947 0.066688
11.463 1.6037 0.066517
11.563 1.6127 0.066319
11.663 1.6216 0.066095
11.763 1.6304 0.065849
11.863 1.6392 0.065584
11.963 1.6478 0.065301
12.063 1.6563 0.065003
12.163 1.6647 0.064695
12.263 1.673 0.064378
12.363 1.6813 0.064057
12.463 1.6894 0.063733
12.563 1.6974 0.063411
12.663 1.7054 0.063093
12.763 1.7132 0.062784
12.863 1.721 0.062484
12.963 1.7286 0.062199
13.063 1.7361 0.061931
13.163 1.7436 0.061683
13.263 1.7509 0.061457
13.363 1.7582 0.061256
13.463 1.7653 0.061083
13.563 1.7723 0.060939
13.663 1.7793 0.060828
13.763 1.7861 0.060749
13.863 1.7928 0.060705
13.963 1.7994 0.060697
14.063 1.8059 0.060726
14.163 1.8124 0.060792
14.263 1.8187 0.060896
14.363 1.8249 0.061038
14.463 1.831 0.061217
14.563 1.837 0.061432
14.663 1.8429 0.061684
14.763 1.8486 0.06197
14.863 1.8543 0.062289
14.963 1.8599 0.062641
15.063 1.8654 0.063022
15.163 1.8708 0.063432
15.263 1.876 0.063868
15.363 1.8812 0.064328
15.463 1.8862 0.064809
15.563 1.8912 0.06531
15.663 1.896 0.065828
15.763 1.9008 0.06636
15.863 1.9054 0.066905
15.963 1.9099 0.067459
16.063 1.9144 0.06802
16.163 1.9187 0.068587
16.263 1.9229 0.069156
16.363 1.927 0.069725
16.463 1.9311 0.070293
16.563 1.935 0.070857
16.663 1.9388 0.071414
16.763 1.9425 0.071964
16.863 1.9461 0.072504
16.963 1.9496 0.073033
17.063 1.953 0.073548
17.163 1.9564 0.074049
17.263 1.9596 0.074534
17.363 1.9627 0.075001
17.463 1.9657 0.075449
17.563 1.9686 0.075878
17.663 1.9714 0.076285
17.763 1.9741 0.076671
17.863 1.9768 0.077034
17.963 1.9793 0.077374
18.063 1.9817 0.077689
18.163 1.9841 0.07798
18.263 1.9863 0.078246
18.363 1.9885 0.078487
18.463 1.9905 0.078701
18.563 1.9925 0.07889
18.663 1.9943 0.079053
18.763 1.9961 0.079189
18.863 1.9978 0.0793
18.963 1.9994 0.079385
19.063 2.0009 0.079444
19.163 2.0024 0.079477
19.263 2.0037 0.079486
19.363 2.0049 0.079469
19.463 2.0061 0.079428
19.563 2.0072 0.079364
19.663 2.0082 0.079277
19.763 2.0091 0.079166
19.863 2.0099 0.079034
19.963 2.0107 0.078881
