0.04856 0.10234 0.030217
0.14856 0.10574 0.030234
0.24856 0.10918 0.030252
0.34856 0.11267 0.030273
0.44856 0.11621 0.030296
0.54856 0.1198 0.030323
0.64856 0.12343 0.030354
0.74856 0.12711 0.030389
0.84856 0.13083 0.030429
0.94856 0.1346 0.030474
1.0486 0.13842 0.030524
1.1486 0.14228 0.03058
1.2486 0.14619 0.030642
1.3486 0.15014 0.03071
1.4486 0.15414 0.030785
1.5486 0.15819 0.030865
1.6486 0.16227 0.030952
1.7486 0.16641 0.031045
1.8486 0.17058 0.031145
1.9486 0.1748 0.03125
2.0486 0.17907 0.031361
2.1486 0.18337 0.031478
2.2486 0.18773 0.031599
2.3486 0.19212 0.031725
2.4486 0.19656 0.031856
2.5486 0.20104 0.031989
2.6486 0.20556 0.032126
2.7486 0.21013 0.032265
2.8486 0.21473 0.032405
2.9486 0.21938 0.032546
3.0486 0.22407 0.032687
3.1486 0.2288 0.032827
3.2486 0.23358 0.032965
3.3486 0.23839 0.033099
3.4486 0.24324 0.03323
3.5486 0.24813 0.033356
3.6486 0.25307 0.033476
3.7486 0.25804 0.033589
3.8486 0.26305 0.033693
3.9486 0.2681 0.033789
4.0486 0.27319 0.033873
4.1486 0.27831 0.033947
4.2486 0.28347 0.034007
4.3486 0.28868 0.034054
4.4486 0.29391 0.034087
4.5486 0.29919 0.034103
4.6486 0.3045 0.034102
4.7486 0.30984 0.034084
4.8486 0.31523 0.034046
4.9486 0.32064 0.033989
5.0486 0.32609 0.033911
5.1486 0.33158 0.033812
5.2486 0.3371 0.03369
5.3486 0.34265 0.033546
5.4486 0.34824 0.033378
5.5486 0.35386 0.033186
5.6486 0.35951 0.032971
5.7486 0.36519 0.032731
5.8486 0.3709 0.032467
5.9486 0.37664 0.032179
6.0486 0.38242 0.031869
6.1486 0.38822 0.031535
6.2486 0.39405 0.031181
6.3486 0.39991 0.030807
6.4486 0.4058 0.030415
6.5486 0.41172 0.030008
6.6486 0.41766 0.029589
6.7486 0.42363 0.029161
6.8486 0.42963 0.028729
6.9486 0.43565 0.028298
7.0486 0.4417 0.027874
7.1486 0.44777 0.027464
7.2486 0.45386 0.027077
7.3486 0.45998 0.026722
7.4486 0.46612 0.026409
7.5486 0.47228 0.026149
7.6486 0.47847 0.025956
7.7486 0.48467 0.025843
7.8486 0.4909 0.025823
7.9486 0.49714 0.02591
8.0486 0.50341 0.026117
8.1486 0.50969 0.026456
8.2486 0.51599 0.026938
8.3486 0.5223 0.02757
8.4486 0.52864 0.028361
8.5486 0.53499 0.029313
8.6486 0.54135 0.030428
8.7486 0.54773 0.031706
8.8486 0.55412 0.033145
8.9486 0.56053 0.034742
9.0486 0.56695 0.036493
9.1486 0.57338 0.038394
9.2486 0.57982 0.040439
9.3486 0.58627 0.042624
9.4486 0.59273 0.044945
9.5486 0.5992 0.047396
9.6486 0.60568 0.049974
9.7486 0.61217 0.052674
9.8486 0.61867 0.055493
9.9486 0.62517 0.058428
10.049 0.63168 0.060811
10.149 0.63816 0.05705
10.249 0.64459 0.053467
10.349 0.65098 0.05007
10.449 0.65731 0.046867
10.549 0.6636 0.043869
10.649 0.66983 0.041088
10.749 0.67602 0.038536
10.849 0.68215 0.036226
10.949 0.68823 0.034173
11.049 0.69426 0.03239
11.149 0.70023 0.030886
11.249 0.70615 0.02967
11.349 0.71202 0.028742
11.449 0.71783 0.028096
11.549 0.72358 0.027721
11.649 0.72928 0.027596
11.749 0.73492 0.027695
11.849 0.7405 0.027989
11.949 0.74603 0.028448
12.049 0.75149 0.029039
12.149 0.7569 0.029736
12.249 0.76225 0.030511
12.349 0.76754 0.031342
12.449 0.77277 0.03221
12.549 0.77794 0.033098
12.649 0.78305 0.033992
12.749 0.78809 0.034882
12.849 0.79308 0.035758
12.949 0.798 0.036614
13.049 0.80287 0.037443
13.149 0.80766 0.038241
13.249 0.8124 0.039004
13.349 0.81707 0.03973
13.449 0.82168 0.040418
13.549 0.82623 0.041065
13.649 0.83071 0.041671
13.749 0.83513 0.042236
13.849 0.83949 0.042761
13.949 0.84378 0.043244
14.049 0.84801 0.043687
14.149 0.85217 0.044091
14.249 0.85627 0.044456
14.349 0.86031 0.044784
14.449 0.86428 0.045076
14.549 0.86819 0.045332
14.649 0.87203 0.045555
14.749 0.87581 0.045746
14.849 0.87953 0.045906
14.949 0.88318 0.046037
15.049 0.88677 0.046139
15.149 0.8903 0.046215
15.249 0.89376 0.046267
15.349 0.89716 0.046294
15.449 0.90049 0.046299
15.549 0.90377 0.046283
15.649 0.90698 0.046248
15.749 0.91013 0.046194
15.849 0.91322 0.046123
15.949 0.91624 0.046037
16.049 0.91921 0.045935
16.149 0.92211 0.04582
16.249 0.92496 0.045693
16.349 0.92774 0.045553
16.449 0.93047 0.045403
16.549 0.93314 0.045244
16.649 0.93575 0.045075
16.749 0.9383 0.044898
16.849 0.94079 0.044713
16.949 0.94322 0.044522
17.049 0.9456 0.044324
17.149 0.94793 0.044121
17.249 0.95019 0.043913
17.349 0.95241 0.043699
17.449 0.95457 0.043482
17.549 0.95667 0.04326
17.649 0.95872 0.043035
17.749 0.96072 0.042806
17.849 0.96267 0.042575
17.949 0.96457 0.04234
18.049 0.96641 0.042103
18.149 0.96821 0.041863
18.249 0.96995 0.041622
18.349 0.97165 0.041378
18.449 0.9733 0.041132
18.549 0.9749 0.040884
18.649 0.97645 0.040634
18.749 0.97796 0.040383
18.849 0.97942 0.04013
18.949 0.98084 0.039875
19.049 0.98221 0.039619
19.149 0.98354 0.039361
19.249 0.98482 0.039102
19.349 0.98607 0.038842
19.449 0.98727 0.03858
19.549 0.98843 0.038318
19.649 0.98955 0.038054
19.749 0.99063 0.037788
19.849 0.99167 0.037522
19.949 0.99268 0.037255
