0.066605 0.11268 0.032419
0.16661 0.11873 0.03234
0.26661 0.1248 0.032251
0.36661 0.13087 0.032151
0.46661 0.13696 0.03204
0.56661 0.14305 0.031919
0.66661 0.14915 0.031786
0.76661 0.15524 0.031642
0.86661 0.16134 0.031487
0.96661 0.16744 0.031322
1.0666 0.17353 0.031146
1.1666 0.17962 0.030961
1.2666 0.18571 0.030767
1.3666 0.19179 0.030564
1.4666 0.19786 0.030354
1.5666 0.20392 0.030138
1.6666 0.20997 0.029917
1.7666 0.216 0.029692
1.8666 0.22203 0.029464
1.9666 0.22805 0.029236
2.0666 0.23405 0.029009
2.1666 0.24004 0.028785
2.2666 0.24601 0.028565
2.3666 0.25197 0.028351
2.4666 0.25792 0.028146
2.5666 0.26385 0.027951
2.6666 0.26978 0.027769
2.7666 0.27568 0.0276
2.8666 0.28158 0.027447
2.9666 0.28747 0.027311
3.0666 0.29334 0.027195
3.1666 0.2992 0.027099
3.2666 0.30506 0.027024
3.3666 0.31091 0.026971
3.4666 0.31675 0.026942
3.5666 0.32258 0.026936
3.6666 0.32841 0.026954
3.7666 0.33424 0.026994
3.8666 0.34007 0.027057
3.9666 0.3459 0.027142
4.0666 0.35173 0.027247
4.1666 0.35757 0.027371
4.2666 0.36341 0.027513
4.3666 0.36927 0.027669
4.4666 0.37513 0.027839
4.5666 0.38101 0.028019
4.6666 0.3869 0.028208
4.7666 0.39282 0.028401
4.8666 0.39875 0.028597
4.9666 0.40471 0.028793
5.0666 0.4107 0.028986
5.1666 0.41671 0.029173
5.2666 0.42276 0.029351
5.3666 0.42884 0.029518
5.4666 0.43496 0.029671
5.5666 0.44112 0.029807
5.6666 0.44733 0.029925
5.7666 0.45359 0.030022
5.8666 0.4599 0.030096
5.9666 0.46626 0.030145
6.0666 0.47268 0.03017
6.1666 0.47916 0.030167
6.2666 0.4857 0.030138
6.3666 0.49232 0.030082
6.4666 0.499 0.029999
6.5666 0.50577 0.029892
6.6666 0.51261 0.029761
6.7666 0.51953 0.02961
6.8666 0.52654 0.029442
6.9666 0.53364 0.029262
7.0666 0.54083 0.029077
7.1666 0.54812 0.028894
7.2666 0.55552 0.02872
7.3666 0.56301 0.028568
7.4666 0.57062 0.028449
7.5666 0.57833 0.028377
7.6666 0.58617 0.028367
7.7666 0.59412 0.028436
7.8666 0.60219 0.028602
7.9666 0.61039 0.028883
8.0666 0.61873 0.029298
8.1666 0.62719 0.029865
8.2666 0.6358 0.0306
8.3666 0.64454 0.031516
8.4666 0.65344 0.032627
8.5666 0.66248 0.033941
8.6666 0.67167 0.035464
8.7666 0.68084 0.034452
8.8666 0.68981 0.033437
8.9666 0.69858 0.032488
9.0666 0.70714 0.031601
9.1666 0.71551 0.030775
9.2666 0.72369 0.030006
9.3666 0.73168 0.029291
9.4666 0.73948 0.028628
9.5666 0.7471 0.028013
9.6666 0.75454 0.027444
9.7666 0.76181 0.026917
9.8666 0.7689 0.026431
9.9666 0.77582 0.025982
10.067 0.78258 0.025567
10.167 0.78917 0.025185
10.267 0.79561 0.024833
10.367 0.80188 0.024508
10.467 0.80801 0.024209
10.567 0.81398 0.023932
10.667 0.8198 0.023677
10.767 0.82548 0.023442
10.867 0.83102 0.023224
10.967 0.83642 0.023022
11.067 0.84168 0.022835
11.167 0.84681 0.022662
11.267 0.8518 0.0225
11.367 0.85667 0.022349
11.467 0.86141 0.022209
11.567 0.86603 0.022077
11.667 0.87053 0.021953
11.767 0.87491 0.021837
11.867 0.87918 0.021728
11.967 0.88333 0.021625
12.067 0.88737 0.021528
12.167 0.8913 0.021436
12.267 0.89513 0.021348
12.367 0.89885 0.021265
12.467 0.90247 0.021186
12.567 0.906 0.021111
12.667 0.90942 0.02104
12.767 0.91275 0.020972
12.867 0.91599 0.020907
12.967 0.91913 0.020845
13.067 0.92219 0.020786
13.167 0.92515 0.020729
13.267 0.92804 0.020676
13.367 0.93084 0.020625
13.467 0.93356 0.020576
13.567 0.9362 0.02053
13.667 0.93876 0.020487
13.767 0.94124 0.020446
13.867 0.94365 0.020407
13.967 0.94599 0.02037
14.067 0.94826 0.020336
14.167 0.95045 0.020304
14.267 0.95258 0.020274
14.367 0.95464 0.020246
14.467 0.95664 0.02022
14.567 0.95858 0.020196
14.667 0.96045 0.020174
14.767 0.96226 0.020154
14.867 0.96401 0.020136
14.967 0.96571 0.02012
15.067 0.96735 0.020106
15.167 0.96893 0.020093
15.267 0.97046 0.020082
15.367 0.97194 0.020073
15.467 0.97336 0.020065
15.567 0.97474 0.020059
15.667 0.97607 0.020055
15.767 0.97735 0.020052
15.867 0.97858 0.02005
15.967 0.97976 0.020049
16.067 0.98091 0.02005
16.167 0.982 0.020051
16.267 0.98306 0.020054
16.367 0.98407 0.020058
16.467 0.98505 0.020063
16.567 0.98598 0.020068
16.667 0.98688 0.020075
16.767 0.98774 0.020082
16.867 0.98856 0.02009
16.967 0.98935 0.020098
17.067 0.9901 0.020107
17.167 0.99081 0.020116
17.267 0.9915 0.020126
17.367 0.99215 0.020136
17.467 0.99276 0.020146
17.567 0.99335 0.020157
17.667 0.99391 0.020168
17.767 0.99444 0.020178
17.867 0.99494 0.020189
17.967 0.99541 0.0202
18.067 0.99585 0.02021
18.167 0.99627 0.020221
18.267 0.99666 0.020231
18.367 0.99702 0.020241
18.467 0.99736 0.020251
18.567 0.99768 0.02026
18.667 0.99797 0.020269
18.767 0.99824 0.020278
18.867 0.99849 0.020286
18.967 0.99871 0.020294
19.067 0.99891 0.020301
19.167 0.99909 0.020307
19.267 0.99925 0.020314
19.367 0.9994 0.020319
19.467 0.99952 0.020324
19.567 0.99962 0.020328
19.667 0.99971 0.020331
19.767 0.99977 0.020334
19.867 0.99982 0.020336
19.967 0.99985 0.020338
