0.053232 0.18659 0.031656
0.15323 0.19202 0.031775
0.25323 0.19753 0.031901
0.35323 0.20313 0.032032
0.45323 0.2088 0.032168
0.55323 0.21456 0.032308
0.65323 0.22041 0.032451
0.75323 0.22634 0.032597
0.85323 0.23236 0.032743
0.95323 0.23847 0.03289
1.0532 0.24468 0.033037
1.1532 0.25097 0.033183
1.2532 0.25736 0.033326
1.3532 0.26385 0.033467
1.4532 0.27043 0.033605
1.5532 0.27712 0.033738
1.6532 0.2839 0.033866
1.7532 0.29079 0.033989
1.8532 0.29778 0.034105
1.9532 0.30488 0.034215
2.0532 0.31209 0.034317
2.1532 0.3194 0.034411
2.2532 0.32683 0.034497
2.3532 0.33437 0.034573
2.4532 0.34202 0.034641
2.5532 0.34979 0.034698
2.6532 0.35768 0.034746
2.7532 0.36569 0.034783
2.8532 0.37382 0.03481
2.9532 0.38207 0.034826
3.0532 0.39045 0.034831
3.1532 0.39896 0.034826
3.2532 0.40759 0.03481
3.3532 0.41636 0.034784
3.4532 0.42526 0.034747
3.5532 0.43429 0.034701
3.6532 0.44346 0.034645
3.7532 0.45277 0.03458
3.8532 0.46221 0.034507
3.9532 0.4718 0.034426
4.0532 0.48153 0.034339
4.1532 0.49141 0.034246
4.2532 0.50143 0.034149
4.3532 0.51161 0.034049
4.4532 0.52193 0.033948
4.5532 0.53241 0.033846
4.6532 0.54304 0.033747
4.7532 0.55382 0.033652
4.8532 0.56477 0.033564
4.9532 0.57588 0.033484
5.0532 0.58714 0.033416
5.1532 0.59858 0.033363
5.2532 0.61017 0.033327
5.3532 0.62194 0.033312
5.4532 0.63387 0.033322
5.5532 0.64598 0.03336
5.6532 0.65826 0.03343
5.7532 0.67071 0.033536
5.8532 0.68334 0.033682
5.9532 0.69615 0.033871
6.0532 0.70914 0.034109
6.1532 0.72231 0.034399
6.2532 0.73567 0.034744
6.3532 0.74921 0.03515
6.4532 0.76294 0.035618
6.5532 0.77686 0.036153
6.6532 0.79097 0.036758
6.7532 0.80527 0.037435
6.8532 0.81969 0.037098
6.9532 0.83396 0.036109
7.0532 0.84803 0.035161
7.1532 0.86192 0.034254
7.2532 0.87562 0.033388
7.3532 0.88913 0.032563
7.4532 0.90246 0.031776
7.5532 0.91561 0.031029
7.6532 0.92858 0.030321
7.7532 0.94138 0.02965
7.8532 0.95399 0.029016
7.9532 0.96643 0.028418
8.0532 0.9787 0.027856
8.1532 0.9908 0.027329
8.2532 1.0027 0.026835
8.3532 1.0145 0.026374
8.4532 1.0261 0.025944
8.5532 1.0375 0.025545
8.6532 1.0488 0.025176
8.7532 1.0599 0.024834
8.8532 1.0708 0.02452
8.9532 1.0816 0.024232
9.0532 1.0923 0.023968
9.1532 1.1027 0.023727
9.2532 1.1131 0.023508
9.3532 1.1232 0.02331
9.4532 1.1333 0.023131
9.5532 1.1431 0.02297
9.6532 1.1529 0.022826
9.7532 1.1625 0.022697
9.8532 1.1719 0.022583
9.9532 1.1812 0.022482
10.053 1.1904 0.022393
10.153 1.1994 0.022315
10.253 1.2083 0.022247
10.353 1.217 0.022187
10.453 1.2256 0.022136
10.553 1.2341 0.022092
10.653 1.2425 0.022054
10.753 1.2507 0.022021
10.853 1.2588 0.021993
10.953 1.2667 0.021969
11.053 1.2746 0.021948
11.153 1.2823 0.021929
11.253 1.2899 0.021913
11.353 1.2973 0.021899
11.453 1.3047 0.021886
11.553 1.3119 0.021873
11.653 1.319 0.02186
11.753 1.326 0.021848
11.853 1.3329 0.021835
11.953 1.3396 0.021822
12.053 1.3463 0.021807
12.153 1.3528 0.021791
12.253 1.3593 0.021774
12.353 1.3656 0.021755
12.453 1.3718 0.021735
12.553 1.3779 0.021712
12.653 1.3839 0.021688
12.753 1.3898 0.021661
12.853 1.3956 0.021632
12.953 1.4013 0.021601
13.053 1.4069 0.021568
13.153 1.4124 0.021532
13.253 1.4178 0.021494
13.353 1.4231 0.021453
13.453 1.4283 0.02141
13.553 1.4334 0.021364
13.653 1.4384 0.021316
13.753 1.4434 0.021266
13.853 1.4482 0.021213
13.953 1.4529 0.021158
14.053 1.4576 0.0211
14.153 1.4622 0.021041
14.253 1.4666 0.020979
14.353 1.471 0.020915
14.453 1.4754 0.020849
14.553 1.4796 0.020781
14.653 1.4837 0.020711
14.753 1.4878 0.020639
14.853 1.4918 0.020566
14.953 1.4957 0.020491
15.053 1.4995 0.020414
15.153 1.5032 0.020336
15.253 1.5069 0.020256
15.353 1.5105 0.020175
15.453 1.514 0.020093
15.553 1.5175 0.020009
15.653 1.5208 0.019925
15.753 1.5241 0.019839
15.853 1.5274 0.019753
15.953 1.5305 0.019666
16.053 1.5336 0.019578
16.153 1.5366 0.01949
16.253 1.5396 0.019401
16.353 1.5425 0.019312
16.453 1.5453 0.019222
16.553 1.548 0.019132
16.653 1.5507 0.019043
16.753 1.5534 0.018953
16.853 1.5559 0.018863
16.953 1.5584 0.018773
17.053 1.5609 0.018683
17.153 1.5632 0.018594
17.253 1.5655 0.018505
17.353 1.5678 0.018417
17.453 1.57 0.018329
17.553 1.5721 0.018242
17.653 1.5742 0.018155
17.753 1.5763 0.01807
17.853 1.5782 0.017985
17.953 1.5802 0.017901
18.053 1.582 0.017818
18.153 1.5838 0.017736
18.253 1.5856 0.017656
18.353 1.5873 0.017576
18.453 1.589 0.017498
18.553 1.5906 0.017421
18.653 1.5921 0.017346
18.753 1.5936 0.017272
18.853 1.5951 0.017199
18.953 1.5965 0.017128
19.053 1.5978 0.017059
19.153 1.5992 0.016991
19.253 1.6004 0.016925
19.353 1.6017 0.016861
19.453 1.6028 0.016798
19.553 1.604 0.016738
19.653 1.6051 0.016679
19.753 1.6061 0.016621
19.853 1.6071 0.016566
19.953 1.6081 0.016513
