0.041046 0.38182 0.10653
0.14105 0.38683 0.10584
0.24105 0.39185 0.10516
0.34105 0.39686 0.10449
0.44105 0.40188 0.10381
0.54105 0.40689 0.10313
0.64105 0.41191 0.10246
0.74105 0.41692 0.10178
0.84105 0.42194 0.10111
0.94105 0.42695 0.10044
1.041 0.43197 0.099771
1.141 0.43698 0.099103
1.241 0.442 0.098437
1.341 0.44701 0.097773
1.441 0.45203 0.09711
1.541 0.45704 0.096448
1.641 0.46206 0.095789
1.741 0.46707 0.095131
1.841 0.47209 0.094474
1.941 0.4771 0.09382
2.041 0.48212 0.093167
2.141 0.48713 0.092516
2.241 0.49215 0.091867
2.341 0.49716 0.09122
2.441 0.50218 0.090575
2.541 0.50719 0.089932
2.641 0.51221 0.089291
2.741 0.51722 0.088652
2.841 0.52224 0.088016
2.941 0.52725 0.087381
3.041 0.53227 0.086749
3.141 0.53728 0.086119
3.241 0.5423 0.085491
3.341 0.54731 0.084866
3.441 0.55233 0.084243
3.541 0.55734 0.083623
3.641 0.56236 0.083005
3.741 0.56737 0.08239
3.841 0.57239 0.081778
3.941 0.5774 0.081168
4.041 0.58242 0.080561
4.141 0.58743 0.079957
4.241 0.59245 0.079356
4.341 0.59746 0.078758
4.441 0.60248 0.078162
4.541 0.60749 0.077571
4.641 0.61251 0.076982
4.741 0.61752 0.076396
4.841 0.62254 0.075814
4.941 0.62755 0.075235
5.041 0.63257 0.07466
5.141 0.63758 0.074089
5.241 0.6426 0.073521
5.341 0.64761 0.072957
5.441 0.65263 0.072396
5.541 0.65764 0.07184
5.641 0.66266 0.071288
5.741 0.66767 0.07074
5.841 0.67269 0.070196
5.941 0.6777 0.069656
6.041 0.68272 0.069121
6.141 0.68773 0.06859
6.241 0.69275 0.068064
6.341 0.69776 0.067543
6.441 0.70278 0.067026
6.541 0.70779 0.066515
6.641 0.71281 0.066009
6.741 0.71782 0.065507
6.841 0.72284 0.065012
6.941 0.72785 0.064521
7.041 0.73287 0.064036
7.141 0.73788 0.063557
7.241 0.7429 0.063084
7.341 0.74791 0.062617
7.441 0.75293 0.062155
7.541 0.75794 0.0617
7.641 0.76296 0.061252
7.741 0.76798 0.060809
7.841 0.77299 0.060374
7.941 0.77801 0.059945
8.041 0.78302 0.059523
8.141 0.78804 0.059109
8.241 0.79305 0.058701
8.341 0.79807 0.058301
8.441 0.80308 0.057909
8.541 0.8081 0.057524
8.641 0.81311 0.057147
8.741 0.81813 0.056778
8.841 0.82314 0.056417
8.941 0.82816 0.056065
9.041 0.83317 0.055721
9.141 0.83819 0.055386
9.241 0.8432 0.055059
9.341 0.84822 0.054742
9.441 0.85323 0.054433
9.541 0.85825 0.054134
9.641 0.86326 0.053845
9.741 0.86828 0.053565
9.841 0.87329 0.053294
9.941 0.87831 0.053034
10.041 0.88332 0.052783
10.141 0.88834 0.052543
10.241 0.89335 0.052313
10.341 0.89837 0.052093
10.441 0.90338 0.051885
10.541 0.9084 0.051686
10.641 0.91341 0.051499
10.741 0.91843 0.051322
10.841 0.92344 0.051157
10.941 0.92846 0.051003
11.041 0.93347 0.05086
11.141 0.93849 0.050728
11.241 0.9435 0.050608
11.341 0.94852 0.0505
11.441 0.95353 0.050403
11.541 0.95855 0.050317
11.641 0.96356 0.050244
11.741 0.96858 0.050182
11.841 0.97359 0.050132
11.941 0.97861 0.050094
12.041 0.98362 0.050068
12.141 0.98864 0.050054
12.241 0.99365 0.050051
12.341 0.99867 0.050061
12.441 1.0037 0.050083
12.541 1.0087 0.050116
12.641 1.0137 0.050161
12.741 1.0187 0.050219
12.841 1.0237 0.050288
12.941 1.0288 0.050368
13.041 1.0338 0.050461
13.141 1.0388 0.050565
13.241 1.0438 0.050681
13.341 1.0488 0.050808
13.441 1.0538 0.050947
13.541 1.0588 0.051096
13.641 1.0639 0.051258
13.741 1.0689 0.05143
13.841 1.0739 0.051613
13.941 1.0789 0.051807
14.041 1.0839 0.052012
14.141 1.0889 0.052227
14.241 1.094 0.052453
14.341 1.099 0.05269
14.441 1.104 0.052936
14.541 1.109 0.053193
14.641 1.114 0.053459
14.741 1.119 0.053736
14.841 1.124 0.054022
14.941 1.1291 0.054317
15.041 1.1341 0.054622
15.141 1.1391 0.054936
15.241 1.1441 0.055259
15.341 1.1491 0.055591
15.441 1.1541 0.055932
15.541 1.1591 0.056281
15.641 1.1642 0.056639
15.741 1.1692 0.057004
15.841 1.1742 0.057378
15.941 1.1792 0.05776
16.041 1.1842 0.05815
16.141 1.1892 0.058547
16.241 1.1943 0.058951
16.341 1.1993 0.059363
16.441 1.2043 0.059782
16.541 1.2093 0.060208
16.641 1.2143 0.060641
16.741 1.2193 0.061081
16.841 1.2243 0.061527
16.941 1.2294 0.06198
17.041 1.2344 0.062439
17.141 1.2394 0.062904
17.241 1.2444 0.063375
17.341 1.2494 0.063852
17.441 1.2544 0.064334
17.541 1.2595 0.064822
17.641 1.2645 0.065316
17.741 1.2695 0.065815
17.841 1.2745 0.06632
17.941 1.2795 0.066829
18.041 1.2845 0.067344
18.141 1.2895 0.067863
18.241 1.2946 0.068388
18.341 1.2996 0.068916
18.441 1.3046 0.06945
18.541 1.3096 0.069988
18.641 1.3146 0.07053
18.741 1.3196 0.071077
18.841 1.3246 0.071627
18.941 1.3297 0.072182
19.041 1.3347 0.072741
19.141 1.3397 0.073304
19.241 1.3447 0.07387
19.341 1.3497 0.07444
19.441 1.3547 0.075014
19.541 1.3598 0.075591
19.641 1.3648 0.076172
19.741 1.3698 0.076756
19.841 1.3748 0.077344
19.941 1.3798 0.077935
