0.062829 0.33815 0.26666
0.16283 0.34261 0.26766
0.26283 0.34719 0.26862
0.36283 0.35189 0.26955
0.46283 0.35671 0.27044
0.56283 0.36166 0.2713
0.66283 0.36673 0.27213
0.76283 0.37192 0.27291
0.86283 0.37723 0.27366
0.96283 0.38268 0.27437
1.0628 0.38824 0.27504
1.1628 0.39394 0.27567
1.2628 0.39976 0.27626
1.3628 0.40571 0.2768
1.4628 0.41179 0.2773
1.5628 0.418 0.27775
1.6628 0.42434 0.27816
1.7628 0.43081 0.27853
1.8628 0.43741 0.27885
1.9628 0.44415 0.27912
2.0628 0.45102 0.27934
2.1628 0.45802 0.27951
2.2628 0.46515 0.27963
2.3628 0.47243 0.27971
2.4628 0.47984 0.27973
2.5628 0.48738 0.2797
2.6628 0.49507 0.27961
2.7628 0.50289 0.27948
2.8628 0.51085 0.27929
2.9628 0.51895 0.27904
3.0628 0.52719 0.27875
3.1628 0.53558 0.27839
3.2628 0.5441 0.27798
3.3628 0.55277 0.27752
3.4628 0.56158 0.277
3.5628 0.57054 0.27642
3.6628 0.57964 0.27578
3.7628 0.58889 0.27509
3.8628 0.59828 0.27433
3.9628 0.60782 0.27352
4.0628 0.61751 0.27265
4.1628 0.62734 0.27172
4.2628 0.63733 0.27073
4.3628 0.64747 0.26968
4.4628 0.65775 0.26858
4.5628 0.66819 0.26741
4.6628 0.67878 0.26618
4.7628 0.68952 0.26489
4.8628 0.70042 0.26354
4.9628 0.71147 0.26213
5.0628 0.72267 0.26066
5.1628 0.73403 0.25913
5.2628 0.74555 0.25754
5.3628 0.75722 0.25589
5.4628 0.76905 0.25418
5.5628 0.78104 0.25241
5.6628 0.79319 0.25058
5.7628 0.8055 0.24869
5.8628 0.81797 0.24675
5.9628 0.8306 0.24474
6.0628 0.84339 0.24268
6.1628 0.85627 0.24262
6.2628 0.86903 0.24344
6.3628 0.88167 0.24427
6.4628 0.89417 0.2451
6.5628 0.90655 0.24594
6.6628 0.9188 0.24679
6.7628 0.93092 0.24765
6.8628 0.94292 0.24851
6.9628 0.95479 0.24937
7.0628 0.96653 0.25024
7.1628 0.97815 0.2511
7.2628 0.98965 0.25197
7.3628 1.001 0.25284
7.4628 1.0123 0.25371
7.5628 1.0234 0.25458
7.6628 1.0344 0.25545
7.7628 1.0453 0.25632
7.8628 1.0561 0.25718
7.9628 1.0667 0.25804
8.0628 1.0773 0.2589
8.1628 1.0877 0.25975
8.2628 1.098 0.2606
8.3628 1.1082 0.26145
8.4628 1.1182 0.26228
8.5628 1.1282 0.26312
8.6628 1.138 0.26394
8.7628 1.1477 0.26477
8.8628 1.1573 0.26558
8.9628 1.1668 0.26639
9.0628 1.1762 0.26719
9.1628 1.1855 0.26798
9.2628 1.1946 0.26876
9.3628 1.2037 0.26954
9.4628 1.2126 0.27031
9.5628 1.2214 0.27106
9.6628 1.2302 0.27181
9.7628 1.2388 0.27255
9.8628 1.2473 0.27329
9.9628 1.2557 0.27401
10.063 1.264 0.27472
10.163 1.2722 0.27542
10.263 1.2803 0.27612
10.363 1.2882 0.2768
10.463 1.2961 0.27747
10.563 1.3039 0.27814
10.663 1.3115 0.27879
10.763 1.3191 0.27943
10.863 1.3266 0.28006
10.963 1.3339 0.28068
11.063 1.3412 0.28129
11.163 1.3484 0.28189
11.263 1.3554 0.28248
11.363 1.3624 0.28306
11.463 1.3693 0.28363
11.563 1.376 0.28419
11.663 1.3827 0.28473
11.763 1.3893 0.28527
11.863 1.3958 0.28579
11.963 1.4022 0.28631
12.063 1.4085 0.28681
12.163 1.4147 0.2873
12.263 1.4208 0.28778
12.363 1.4268 0.28825
12.463 1.4327 0.28871
12.563 1.4385 0.28916
12.663 1.4442 0.2896
12.763 1.4499 0.29003
12.863 1.4554 0.29045
12.963 1.4609 0.29085
13.063 1.4663 0.29125
13.163 1.4716 0.29164
13.263 1.4768 0.29201
13.363 1.4819 0.29238
13.463 1.4869 0.29274
13.563 1.4918 0.29308
13.663 1.4967 0.29342
13.763 1.5015 0.29374
13.863 1.5061 0.29406
13.963 1.5107 0.29436
14.063 1.5152 0.29466
14.163 1.5197 0.29495
14.263 1.524 0.29522
14.363 1.5283 0.29549
14.463 1.5325 0.29575
14.563 1.5365 0.296
14.663 1.5406 0.29624
14.763 1.5445 0.29647
14.863 1.5484 0.29669
14.963 1.5521 0.2969
15.063 1.5558 0.2971
15.163 1.5594 0.2973
15.263 1.563 0.29748
15.363 1.5664 0.29766
15.463 1.5698 0.29783
15.563 1.5731 0.29799
15.663 1.5764 0.29814
15.763 1.5795 0.29829
15.863 1.5826 0.29842
15.963 1.5856 0.29855
16.063 1.5885 0.29867
16.163 1.5914 0.29878
16.263 1.5942 0.29889
16.363 1.5969 0.29899
16.463 1.5995 0.29908
16.563 1.6021 0.29916
16.663 1.6046 0.29924
16.763 1.607 0.29931
16.863 1.6093 0.29937
16.963 1.6116 0.29942
17.063 1.6138 0.29947
17.163 1.616 0.29951
17.263 1.618 0.29955
17.363 1.62 0.29958
17.463 1.622 0.2996
17.563 1.6238 0.29962
17.663 1.6256 0.29963
17.763 1.6274 0.29963
17.863 1.629 0.29963
17.963 1.6306 0.29962
18.063 1.6322 0.29961
18.163 1.6336 0.29959
18.263 1.635 0.29957
18.363 1.6364 0.29954
18.463 1.6376 0.2995
18.563 1.6389 0.29946
18.663 1.64 0.29942
18.763 1.6411 0.29937
18.863 1.6421 0.29932
18.963 1.6431 0.29926
19.063 1.644 0.2992
19.163 1.6448 0.29913
19.263 1.6456 0.29906
19.363 1.6463 0.29898
19.463 1.6469 0.2989
19.563 1.6475 0.29882
19.663 1.6481 0.29873
19.763 1.6485 0.29864
19.863 1.6489 0.29854
19.963 1.6493 0.29844
