0.04856 0.27023 0.03
0.14856 0.27299 0.03
0.24856 0.27577 0.03
0.34856 0.27858 0.03
0.44856 0.28141 0.03
0.54856 0.28426 0.03
0.64856 0.28714 0.03
0.74856 0.29004 0.03
0.84856 0.29297 0.03
0.94856 0.29592 0.03
1.0486 0.29889 0.03
1.1486 0.30189 0.03
1.2486 0.30491 0.03
1.3486 0.30796 0.03
1.4486 0.31103 0.03
1.5486 0.31412 0.03
1.6486 0.31724 0.03
1.7486 0.32039 0.03
1.8486 0.32355 0.03
1.9486 0.32674 0.03
2.0486 0.32996 0.03
2.1486 0.3332 0.03
2.2486 0.33646 0.03
2.3486 0.33975 0.03
2.4486 0.34306 0.03
2.5486 0.3464 0.03
2.6486 0.34975 0.03
2.7486 0.35314 0.03
2.8486 0.35655 0.03
2.9486 0.35998 0.03
3.0486 0.36343 0.03
3.1486 0.36691 0.03
3.2486 0.37042 0.03
3.3486 0.37395 0.03
3.4486 0.3775 0.03
3.5486 0.38107 0.03
3.6486 0.38467 0.03
3.7486 0.3883 0.03
3.8486 0.39195 0.03
3.9486 0.39562 0.03
4.0486 0.39932 0.03
4.1486 0.40304 0.03
4.2486 0.40678 0.03
4.3486 0.41055 0.03
4.4486 0.41434 0.03
4.5486 0.41816 0.03
4.6486 0.422 0.03
4.7486 0.42587 0.03
4.8486 0.42976 0.03
4.9486 0.43367 0.03
5.0486 0.43761 0.03
5.1486 0.44157 0.03
5.2486 0.44556 0.03
5.3486 0.44957 0.03
5.4486 0.4536 0.03
5.5486 0.45766 0.03
5.6486 0.46174 0.03
5.7486 0.46585 0.03
5.8486 0.46998 0.03
5.9486 0.47413 0.03
6.0486 0.47831 0.03
6.1486 0.48251 0.03
6.2486 0.48674 0.03
6.3486 0.49099 0.03
6.4486 0.49526 0.03
6.5486 0.49956 0.03
6.6486 0.50389 0.03
6.7486 0.50823 0.03
6.8486 0.5126 0.03
6.9486 0.517 0.03
7.0486 0.52142 0.03
7.1486 0.52586 0.03
7.2486 0.53033 0.03
7.3486 0.53482 0.03
7.4486 0.53934 0.03
7.5486 0.54388 0.03
7.6486 0.54844 0.03
7.7486 0.55303 0.03
7.8486 0.55764 0.03
7.9486 0.56228 0.03
8.0486 0.56694 0.03
8.1486 0.57162 0.03
8.2486 0.57633 0.03
8.3486 0.58106 0.03
8.4486 0.58582 0.03
8.5486 0.5906 0.03
8.6486 0.5954 0.03
8.7486 0.60023 0.03
8.8486 0.60508 0.03
8.9486 0.60996 0.03
9.0486 0.61486 0.03
9.1486 0.61979 0.03
9.2486 0.62473 0.03
9.3486 0.62971 0.03
9.4486 0.6347 0.03
9.5486 0.63973 0.03
9.6486 0.64477 0.03
9.7486 0.64984 0.03
9.8486 0.65493 0.03
9.9486 0.66005 0.03
10.049 0.66519 0.03
10.149 0.67036 0.03
10.249 0.67554 0.03
10.349 0.68076 0.03
10.449 0.68599 0.03
10.549 0.69125 0.03
10.649 0.69654 0.03
10.749 0.70184 0.03
10.849 0.70718 0.03
10.949 0.71253 0.03
11.049 0.71791 0.03
11.149 0.72331 0.03
11.249 0.72873 0.03
11.349 0.73417 0.03
11.449 0.73964 0.03
11.549 0.74513 0.03
11.649 0.75063 0.03
11.749 0.75616 0.03
11.849 0.76171 0.03
11.949 0.76727 0.03
12.049 0.77285 0.03
12.149 0.77845 0.03
12.249 0.78406 0.03
12.349 0.78968 0.03
12.449 0.7953 0.03
12.549 0.80093 0.03
12.649 0.80656 0.03
12.749 0.81215 0.03
12.849 0.8177 0.03
12.949 0.82322 0.03
13.049 0.82868 0.03
13.149 0.83408 0.03
13.249 0.8394 0.03
13.349 0.84463 0.03
13.449 0.84976 0.03
13.549 0.85477 0.03
13.649 0.85963 0.03
13.749 0.86433 0.03
13.849 0.86883 0.03
13.949 0.87312 0.03
14.049 0.87717 0.03
14.149 0.88096 0.03
14.249 0.88446 0.03
14.349 0.88766 0.03
14.449 0.89054 0.03
14.549 0.8931 0.03
14.649 0.89533 0.03
14.749 0.89725 0.03
14.849 0.89885 0.03
14.949 0.90016 0.03
15.049 0.9012 0.03
15.149 0.90198 0.03
15.249 0.90255 0.03
15.349 0.90291 0.03
15.449 0.9031 0.03
15.549 0.90313 0.03
15.649 0.90304 0.03
15.749 0.90283 0.03
15.849 0.90252 0.03
15.949 0.90214 0.03
16.049 0.90169 0.03
16.149 0.90118 0.03
16.249 0.90063 0.03
16.349 0.90004 0.03
16.449 0.89941 0.03
16.549 0.89876 0.03
16.649 0.89809 0.03
16.749 0.8974 0.03
16.849 0.89669 0.03
16.949 0.89597 0.03
17.049 0.89525 0.03
17.149 0.89451 0.03
17.249 0.89377 0.03
17.349 0.89302 0.03
17.449 0.89226 0.03
17.549 0.89151 0.03
17.649 0.89075 0.03
17.749 0.88999 0.03
17.849 0.88922 0.03
17.949 0.88846 0.03
18.049 0.88769 0.03
18.149 0.88692 0.03
18.249 0.88615 0.03
18.349 0.88538 0.03
18.449 0.88461 0.03
18.549 0.88384 0.03
18.649 0.88306 0.03
18.749 0.88229 0.03
18.849 0.88152 0.03
18.949 0.88075 0.03
19.049 0.87997 0.03
19.149 0.8792 0.03
19.249 0.87843 0.03
19.349 0.87765 0.03
19.449 0.87688 0.03
19.549 0.87611 0.03
19.649 0.87533 0.03
19.749 0.87456 0.03
19.849 0.87379 0.03
19.949 0.87301 0.03
