0.066605 0.22383 0.019783
0.16661 0.22809 0.01958
0.26661 0.23241 0.01937
0.36661 0.23679 0.019153
0.46661 0.24121 0.018932
0.56661 0.24569 0.01871
0.66661 0.25022 0.018487
0.76661 0.2548 0.018266
0.86661 0.25943 0.01805
0.96661 0.26411 0.01784
1.0666 0.26883 0.01764
1.1666 0.2736 0.017452
1.2666 0.27841 0.017277
1.3666 0.28327 0.017119
1.4666 0.28817 0.016979
1.5666 0.29311 0.01686
1.6666 0.2981 0.016763
1.7666 0.30312 0.016689
1.8666 0.30818 0.016641
1.9666 0.31329 0.016617
2.0666 0.31843 0.01662
2.1666 0.32361 0.016648
2.2666 0.32883 0.016701
2.3666 0.33409 0.016779
2.4666 0.33939 0.01688
2.5666 0.34472 0.017002
2.6666 0.35009 0.017142
2.7666 0.3555 0.0173
2.8666 0.36094 0.017471
2.9666 0.36642 0.017654
3.0666 0.37193 0.017845
3.1666 0.37749 0.018041
3.2666 0.38308 0.018239
3.3666 0.3887 0.018435
3.4666 0.39437 0.018627
3.5666 0.40007 0.018812
3.6666 0.40581 0.018986
3.7666 0.41158 0.019147
3.8666 0.4174 0.019292
3.9666 0.42325 0.019418
4.0666 0.42915 0.019524
4.1666 0.43508 0.019606
4.2666 0.44105 0.019664
4.3666 0.44707 0.019695
4.4666 0.45313 0.019699
4.5666 0.45923 0.019676
4.6666 0.46537 0.019624
4.7666 0.47156 0.019545
4.8666 0.47779 0.019439
4.9666 0.48407 0.019309
5.0666 0.49039 0.019158
5.1666 0.49677 0.018989
5.2666 0.50319 0.018809
5.3666 0.50967 0.018625
5.4666 0.51619 0.018444
5.5666 0.52277 0.018277
5.6666 0.5294 0.018138
5.7666 0.53609 0.018042
5.8666 0.54283 0.018004
5.9666 0.54963 0.018043
6.0666 0.55649 0.01818
6.1666 0.56341 0.018434
6.2666 0.57039 0.018824
6.3666 0.57744 0.019368
6.4666 0.58455 0.020079
6.5666 0.59172 0.02097
6.6666 0.59897 0.022047
6.7666 0.60628 0.023314
6.8666 0.61366 0.024773
6.9666 0.62106 0.024569
7.0666 0.62833 0.023623
7.1666 0.63547 0.022737
7.2666 0.64246 0.021911
7.3666 0.64931 0.021142
7.4666 0.65603 0.020428
7.5666 0.66262 0.019768
7.6666 0.66907 0.019159
7.7666 0.6754 0.018599
7.8666 0.68159 0.018086
7.9666 0.68766 0.017618
8.0666 0.6936 0.017191
8.1666 0.69942 0.016804
8.2666 0.70511 0.016454
8.3666 0.71069 0.016139
8.4666 0.71614 0.015856
8.5666 0.72148 0.015602
8.6666 0.72671 0.015375
8.7666 0.73182 0.015174
8.8666 0.73681 0.014994
8.9666 0.7417 0.014835
9.0666 0.74648 0.014694
9.1666 0.75115 0.014569
9.2666 0.75572 0.014458
9.3666 0.76018 0.01436
9.4666 0.76454 0.014272
9.5666 0.7688 0.014194
9.6666 0.77295 0.014125
9.7666 0.77702 0.014062
9.8666 0.78098 0.014005
9.9666 0.78486 0.013953
10.067 0.78864 0.013904
10.167 0.79233 0.013859
10.267 0.79592 0.013817
10.367 0.79944 0.013776
10.467 0.80286 0.013737
10.567 0.8062 0.013699
10.667 0.80946 0.013661
10.767 0.81263 0.013624
10.867 0.81573 0.013586
10.967 0.81874 0.013549
11.067 0.82168 0.013511
11.167 0.82454 0.013472
11.267 0.82733 0.013433
11.367 0.83004 0.013394
11.467 0.83268 0.013353
11.567 0.83525 0.013312
11.667 0.83775 0.01327
11.767 0.84018 0.013227
11.867 0.84255 0.013184
11.967 0.84485 0.01314
12.067 0.84709 0.013096
12.167 0.84926 0.013051
12.267 0.85137 0.013005
12.367 0.85342 0.012959
12.467 0.85541 0.012913
12.567 0.85735 0.012867
12.667 0.85922 0.012821
12.767 0.86104 0.012775
12.867 0.86281 0.012729
12.967 0.86452 0.012683
13.067 0.86618 0.012637
13.167 0.86779 0.012592
13.267 0.86935 0.012547
13.367 0.87085 0.012503
13.467 0.87231 0.01246
13.567 0.87373 0.012417
13.667 0.87509 0.012375
13.767 0.87641 0.012334
13.867 0.87769 0.012294
13.967 0.87892 0.012255
14.067 0.88011 0.012217
14.167 0.88126 0.01218
14.267 0.88237 0.012144
14.367 0.88343 0.01211
14.467 0.88446 0.012076
14.567 0.88545 0.012044
14.667 0.8864 0.012014
14.767 0.88732 0.011985
14.867 0.8882 0.011957
14.967 0.88904 0.01193
15.067 0.88985 0.011905
15.167 0.89063 0.011881
15.267 0.89137 0.011859
15.367 0.89208 0.011838
15.467 0.89276 0.011819
15.567 0.89341 0.0118
15.667 0.89403 0.011784
15.767 0.89462 0.011768
15.867 0.89518 0.011754
15.967 0.89571 0.011741
16.067 0.89622 0.01173
16.167 0.89669 0.011719
16.267 0.89715 0.01171
16.367 0.89757 0.011702
16.467 0.89797 0.011696
16.567 0.89835 0.01169
16.667 0.8987 0.011685
16.767 0.89903 0.011682
16.867 0.89933 0.011679
16.967 0.89962 0.011677
17.067 0.89988 0.011676
17.167 0.90012 0.011676
17.267 0.90034 0.011677
17.367 0.90054 0.011679
17.467 0.90071 0.011681
17.567 0.90087 0.011684
17.667 0.90101 0.011687
17.767 0.90113 0.011691
17.867 0.90123 0.011696
17.967 0.90132 0.011701
18.067 0.90139 0.011707
18.167 0.90144 0.011713
18.267 0.90147 0.011719
18.367 0.90149 0.011725
18.467 0.90149 0.011732
18.567 0.90147 0.011739
18.667 0.90145 0.011747
18.767 0.9014 0.011754
18.867 0.90134 0.011761
18.967 0.90127 0.011769
19.067 0.90118 0.011776
19.167 0.90108 0.011784
19.267 0.90097 0.011792
19.367 0.90084 0.011799
19.467 0.9007 0.011807
19.567 0.90055 0.011814
19.667 0.90039 0.011821
19.767 0.90021 0.011828
19.867 0.90003 0.011835
19.967 0.89983 0.011841
