0.04856 0.22617 0.016796
0.14856 0.22752 0.016947
0.24856 0.22886 0.017101
0.34856 0.23021 0.017257
0.44856 0.23155 0.017414
0.54856 0.2329 0.017573
0.64856 0.23425 0.017733
0.74856 0.2356 0.017894
0.84856 0.23695 0.018054
0.94856 0.2383 0.018213
1.0486 0.23965 0.018371
1.1486 0.24101 0.018528
1.2486 0.24238 0.018683
1.3486 0.24374 0.018835
1.4486 0.24511 0.018984
1.5486 0.24649 0.01913
1.6486 0.24787 0.019272
1.7486 0.24926 0.01941
1.8486 0.25065 0.019542
1.9486 0.25206 0.01967
2.0486 0.25346 0.019792
2.1486 0.25488 0.019908
2.2486 0.2563 0.020018
2.3486 0.25774 0.020121
2.4486 0.25918 0.020217
2.5486 0.26063 0.020305
2.6486 0.26209 0.020386
2.7486 0.26357 0.020458
2.8486 0.26505 0.020522
2.9486 0.26654 0.020577
3.0486 0.26805 0.020624
3.1486 0.26957 0.020661
3.2486 0.2711 0.020688
3.3486 0.27265 0.020706
3.4486 0.2742 0.020714
3.5486 0.27578 0.020712
3.6486 0.27736 0.020699
3.7486 0.27897 0.020676
3.8486 0.28058 0.020643
3.9486 0.28222 0.020599
4.0486 0.28387 0.020544
4.1486 0.28553 0.020478
4.2486 0.28722 0.020402
4.3486 0.28892 0.020314
4.4486 0.29064 0.020217
4.5486 0.29238 0.020108
4.6486 0.29414 0.019989
4.7486 0.29591 0.019859
4.8486 0.29771 0.01972
4.9486 0.29953 0.019571
5.0486 0.30137 0.019412
5.1486 0.30322 0.019244
5.2486 0.30511 0.019067
5.3486 0.30701 0.018882
5.4486 0.30893 0.01869
5.5486 0.31088 0.018491
5.6486 0.31285 0.018286
5.7486 0.31485 0.018075
5.8486 0.31687 0.017861
5.9486 0.31891 0.017644
6.0486 0.32098 0.017426
6.1486 0.32308 0.017207
6.2486 0.3252 0.01699
6.3486 0.32735 0.016777
6.4486 0.32952 0.016569
6.5486 0.33172 0.016369
6.6486 0.33395 0.016179
6.7486 0.33621 0.016002
6.8486 0.33849 0.015841
6.9486 0.3408 0.015698
7.0486 0.34315 0.015577
7.1486 0.34552 0.015482
7.2486 0.34792 0.015416
7.3486 0.35035 0.015382
7.4486 0.35282 0.015383
7.5486 0.35531 0.015424
7.6486 0.35784 0.015506
7.7486 0.36039 0.015634
7.8486 0.36298 0.015809
7.9486 0.36561 0.016034
8.0486 0.36826 0.016311
8.1486 0.37095 0.01664
8.2486 0.37368 0.017023
8.3486 0.37643 0.01746
8.4486 0.37922 0.017951
8.5486 0.38205 0.018495
8.6486 0.38491 0.019092
8.7486 0.3878 0.019156
8.8486 0.39066 0.018596
8.9486 0.39349 0.018061
9.0486 0.39628 0.017554
9.1486 0.39903 0.017073
9.2486 0.40174 0.016619
9.3486 0.40442 0.016192
9.4486 0.40706 0.015793
9.5486 0.40967 0.015421
9.6486 0.41224 0.015076
9.7486 0.41478 0.014759
9.8486 0.41728 0.014469
9.9486 0.41975 0.014205
10.049 0.42219 0.013968
10.149 0.42459 0.013757
10.249 0.42696 0.013572
10.349 0.42929 0.013411
10.449 0.4316 0.013274
10.549 0.43387 0.01316
10.649 0.43611 0.013069
10.749 0.43832 0.012998
10.849 0.4405 0.012948
10.949 0.44264 0.012916
11.049 0.44476 0.012902
11.149 0.44685 0.012905
11.249 0.4489 0.012922
11.349 0.45093 0.012953
11.449 0.45293 0.012997
11.549 0.4549 0.013053
11.649 0.45684 0.013119
11.749 0.45875 0.013194
11.849 0.46063 0.013277
11.949 0.46249 0.013368
12.049 0.46432 0.013465
12.149 0.46612 0.013567
12.249 0.46789 0.013674
12.349 0.46964 0.013784
12.449 0.47136 0.013898
12.549 0.47305 0.014014
12.649 0.47472 0.014131
12.749 0.47637 0.01425
12.849 0.47799 0.01437
12.949 0.47958 0.01449
13.049 0.48115 0.014609
13.149 0.48269 0.014728
13.249 0.48421 0.014846
13.349 0.48571 0.014963
13.449 0.48718 0.015079
13.549 0.48863 0.015192
13.649 0.49005 0.015304
13.749 0.49145 0.015413
13.849 0.49283 0.01552
13.949 0.49419 0.015624
14.049 0.49552 0.015725
14.149 0.49684 0.015824
14.249 0.49813 0.01592
14.349 0.4994 0.016012
14.449 0.50064 0.016102
14.549 0.50187 0.016188
14.649 0.50308 0.016272
14.749 0.50426 0.016351
14.849 0.50543 0.016428
14.949 0.50657 0.016501
15.049 0.5077 0.016571
15.149 0.5088 0.016637
15.249 0.50989 0.0167
15.349 0.51095 0.01676
15.449 0.512 0.016816
15.549 0.51303 0.016869
15.649 0.51403 0.016919
15.749 0.51503 0.016965
15.849 0.516 0.017008
15.949 0.51695 0.017048
16.049 0.51789 0.017085
16.149 0.51881 0.017118
16.249 0.51971 0.017148
16.349 0.52059 0.017175
16.449 0.52146 0.017199
16.549 0.52231 0.017221
16.649 0.52314 0.017239
16.749 0.52395 0.017254
16.849 0.52475 0.017266
16.949 0.52554 0.017276
17.049 0.5263 0.017282
17.149 0.52706 0.017286
17.249 0.52779 0.017288
17.349 0.52851 0.017287
17.449 0.52922 0.017283
17.549 0.52991 0.017277
17.649 0.53058 0.017268
17.749 0.53124 0.017257
17.849 0.53189 0.017243
17.949 0.53252 0.017228
18.049 0.53313 0.01721
18.149 0.53374 0.01719
18.249 0.53432 0.017168
18.349 0.5349 0.017144
18.449 0.53546 0.017117
18.549 0.53601 0.017089
18.649 0.53654 0.017059
18.749 0.53706 0.017028
18.849 0.53757 0.016994
18.949 0.53806 0.016959
19.049 0.53855 0.016922
19.149 0.53901 0.016884
19.249 0.53947 0.016844
19.349 0.53991 0.016803
19.449 0.54035 0.01676
19.549 0.54077 0.016716
19.649 0.54117 0.01667
19.749 0.54157 0.016623
19.849 0.54195 0.016575
19.949 0.54233 0.016526
