0.062829 0.092808 0.015268
0.16283 0.095376 0.015233
0.26283 0.097982 0.015205
0.36283 0.10063 0.015184
0.46283 0.10331 0.01517
0.56283 0.10603 0.015165
0.66283 0.10879 0.015166
0.76283 0.11158 0.015175
0.86283 0.11441 0.015192
0.96283 0.11728 0.015215
1.0628 0.12018 0.015246
1.1628 0.12311 0.015283
1.2628 0.12608 0.015327
1.3628 0.12908 0.015378
1.4628 0.13211 0.015434
1.5628 0.13518 0.015496
1.6628 0.13828 0.015564
1.7628 0.14141 0.015637
1.8628 0.14456 0.015715
1.9628 0.14775 0.015797
2.0628 0.15097 0.015884
2.1628 0.15421 0.015975
2.2628 0.15749 0.016069
2.3628 0.16078 0.016167
2.4628 0.16411 0.016268
2.5628 0.16746 0.016373
2.6628 0.17083 0.01648
2.7628 0.17423 0.016589
2.8628 0.17766 0.016701
2.9628 0.1811 0.016816
3.0628 0.18456 0.016932
3.1628 0.18805 0.017051
3.2628 0.19156 0.017171
3.3628 0.19508 0.017294
3.4628 0.19862 0.017418
3.5628 0.20218 0.017545
3.6628 0.20576 0.017673
3.7628 0.20935 0.017803
3.8628 0.21296 0.017935
3.9628 0.21658 0.018069
4.0628 0.22021 0.018205
4.1628 0.22386 0.018342
4.2628 0.22752 0.018482
4.3628 0.23118 0.018623
4.4628 0.23486 0.018767
4.5628 0.23854 0.018912
4.6628 0.24223 0.019058
4.7628 0.24593 0.019206
4.8628 0.24963 0.019356
4.9628 0.25334 0.019506
5.0628 0.25705 0.019657
5.1628 0.26076 0.019809
5.2628 0.26447 0.01996
5.3628 0.26819 0.020112
5.4628 0.2719 0.020262
5.5628 0.27562 0.02041
5.6628 0.27933 0.020557
5.7628 0.28303 0.0207
5.8628 0.28674 0.02084
5.9628 0.29043 0.020976
6.0628 0.29413 0.021106
6.1628 0.29781 0.021229
6.2628 0.30149 0.021346
6.3628 0.30516 0.021454
6.4628 0.30882 0.021553
6.5628 0.31247 0.021641
6.6628 0.31611 0.021718
6.7628 0.31973 0.021782
6.8628 0.32335 0.021833
6.9628 0.32695 0.021868
7.0628 0.33053 0.021888
7.1628 0.33411 0.021892
7.2628 0.33766 0.021878
7.3628 0.3412 0.021845
7.4628 0.34473 0.021794
7.5628 0.34823 0.021723
7.6628 0.35172 0.021633
7.7628 0.35519 0.021523
7.8628 0.35864 0.021394
7.9628 0.36207 0.021246
8.0628 0.36548 0.02108
8.1628 0.36888 0.020898
8.2628 0.37225 0.020701
8.3628 0.3756 0.020493
8.4628 0.37893 0.020276
8.5628 0.38224 0.020056
8.6628 0.38553 0.019836
8.7628 0.38879 0.019623
8.8628 0.39204 0.019424
8.9628 0.39526 0.019247
9.0628 0.39846 0.019103
9.1628 0.40164 0.019001
9.2628 0.4048 0.018954
9.3628 0.40793 0.018973
9.4628 0.41105 0.019072
9.5628 0.41414 0.019263
9.6628 0.41721 0.019558
9.7628 0.42026 0.019969
9.8628 0.4233 0.020504
9.9628 0.42631 0.021171
10.063 0.4293 0.021974
10.163 0.43227 0.022917
10.263 0.43522 0.024001
10.363 0.43816 0.025224
10.463 0.44108 0.026585
10.563 0.44398 0.02808
10.663 0.44686 0.029705
10.763 0.44973 0.031326
10.863 0.45255 0.029813
10.963 0.45531 0.028388
11.063 0.45799 0.027052
11.163 0.46061 0.025806
11.263 0.46316 0.024652
11.363 0.46565 0.023589
11.463 0.46807 0.022618
11.563 0.47043 0.021737
11.663 0.47272 0.020947
11.763 0.47495 0.020245
11.863 0.47712 0.019629
11.963 0.47923 0.019096
12.063 0.48128 0.018641
12.163 0.48327 0.018259
12.263 0.48521 0.017946
12.363 0.48708 0.017696
12.463 0.4889 0.017502
12.563 0.49067 0.017359
12.663 0.49238 0.017259
12.763 0.49403 0.017197
12.863 0.49564 0.017166
12.963 0.49719 0.017162
13.063 0.49869 0.017178
13.163 0.50015 0.01721
13.263 0.50155 0.017254
13.363 0.50291 0.017306
13.463 0.50422 0.017362
13.563 0.50548 0.017421
13.663 0.5067 0.017478
13.763 0.50788 0.017533
13.863 0.50901 0.017583
13.963 0.5101 0.017628
14.063 0.51115 0.017665
14.163 0.51216 0.017694
14.263 0.51313 0.017714
14.363 0.51406 0.017725
14.463 0.51496 0.017726
14.563 0.51582 0.017718
14.663 0.51664 0.017699
14.763 0.51743 0.017671
14.863 0.51818 0.017632
14.963 0.5189 0.017584
15.063 0.51959 0.017527
15.163 0.52024 0.01746
15.263 0.52087 0.017385
15.363 0.52146 0.017301
15.463 0.52203 0.01721
15.563 0.52257 0.017111
15.663 0.52307 0.017005
15.763 0.52356 0.016892
15.863 0.52401 0.016773
15.963 0.52444 0.016649
16.063 0.52485 0.01652
16.163 0.52523 0.016386
16.263 0.52559 0.016248
16.363 0.52592 0.016106
16.463 0.52623 0.015961
16.563 0.52652 0.015814
16.663 0.52679 0.015664
16.763 0.52704 0.015512
16.863 0.52726 0.01536
16.963 0.52747 0.015206
17.063 0.52766 0.015052
17.163 0.52783 0.014898
17.263 0.52798 0.014744
17.363 0.52812 0.01459
17.463 0.52824 0.014438
17.563 0.52834 0.014287
17.663 0.52843 0.014138
17.763 0.5285 0.01399
17.863 0.52855 0.013845
17.963 0.52859 0.013703
18.063 0.52862 0.013563
18.163 0.52863 0.013426
18.263 0.52863 0.013292
18.363 0.52862 0.013162
18.463 0.52859 0.013035
18.563 0.52855 0.012912
18.663 0.5285 0.012793
18.763 0.52844 0.012678
18.863 0.52837 0.012566
18.963 0.52828 0.012459
19.063 0.52819 0.012356
19.163 0.52808 0.012258
19.263 0.52797 0.012163
19.363 0.52785 0.012073
19.463 0.52771 0.011987
19.563 0.52757 0.011906
19.663 0.52742 0.011828
19.763 0.52726 0.011755
19.863 0.52709 0.011687
19.963 0.52692 0.011622
