0.066605 0.19641 0.021692
0.16661 0.19885 0.021525
0.26661 0.20129 0.021356
0.36661 0.20372 0.021187
0.46661 0.20615 0.021022
0.56661 0.20857 0.020861
0.66661 0.21099 0.020707
0.76661 0.21341 0.020564
0.86661 0.21582 0.020433
0.96661 0.21823 0.020317
1.0666 0.22063 0.020218
1.1666 0.22304 0.020138
1.2666 0.22544 0.02008
1.3666 0.22784 0.020045
1.4666 0.23024 0.020034
1.5666 0.23264 0.020048
1.6666 0.23504 0.020087
1.7666 0.23744 0.020152
1.8666 0.23985 0.020243
1.9666 0.24227 0.020358
2.0666 0.2447 0.020495
2.1666 0.24713 0.020654
2.2666 0.24957 0.020831
2.3666 0.25203 0.021024
2.4666 0.2545 0.02123
2.5666 0.25699 0.021445
2.6666 0.2595 0.021667
2.7666 0.26204 0.021892
2.8666 0.26459 0.022115
2.9666 0.26717 0.022334
3.0666 0.26979 0.022543
3.1666 0.27243 0.02274
3.2666 0.27511 0.02292
3.3666 0.27782 0.02308
3.4666 0.28057 0.023216
3.5666 0.28337 0.023325
3.6666 0.28621 0.023403
3.7666 0.2891 0.023448
3.8666 0.29205 0.023456
3.9666 0.29504 0.023426
4.0666 0.2981 0.023356
4.1666 0.30121 0.023243
4.2666 0.30439 0.023087
4.3666 0.30763 0.022888
4.4666 0.31095 0.022645
4.5666 0.31434 0.022361
4.6666 0.3178 0.022038
4.7666 0.32135 0.02168
4.8666 0.32497 0.021292
4.9666 0.32869 0.020882
5.0666 0.33249 0.02046
5.1666 0.33638 0.020039
5.2666 0.34037 0.019636
5.3666 0.34446 0.01927
5.4666 0.34865 0.018967
5.5666 0.35295 0.018754
5.6666 0.35735 0.018663
5.7666 0.36187 0.018728
5.8666 0.3665 0.01898
5.9666 0.37124 0.01945
6.0666 0.37611 0.020161
6.1666 0.38111 0.02113
6.2666 0.38622 0.02195
6.3666 0.39128 0.021219
6.4666 0.3962 0.02054
6.5666 0.40099 0.019911
6.6666 0.40565 0.019327
6.7666 0.41017 0.018786
6.8666 0.41457 0.018286
6.9666 0.41885 0.017822
7.0666 0.42301 0.017394
7.1666 0.42705 0.016997
7.2666 0.43097 0.01663
7.3666 0.43478 0.01629
7.4666 0.43848 0.015976
7.5666 0.44207 0.015683
7.6666 0.44556 0.015412
7.7666 0.44894 0.01516
7.8666 0.45223 0.014925
7.9666 0.45542 0.014707
8.0666 0.45851 0.014502
8.1666 0.46151 0.014311
8.2666 0.46442 0.014132
8.3666 0.46724 0.013964
8.4666 0.46997 0.013806
8.5666 0.47262 0.013657
8.6666 0.47519 0.013517
8.7666 0.47768 0.013385
8.8666 0.48009 0.013261
8.9666 0.48242 0.013143
9.0666 0.48468 0.013032
9.1666 0.48687 0.012927
9.2666 0.48899 0.012828
9.3666 0.49104 0.012734
9.4666 0.49302 0.012646
9.5666 0.49494 0.012563
9.6666 0.49679 0.012485
9.7666 0.49859 0.012411
9.8666 0.50032 0.012343
9.9666 0.50199 0.012279
10.067 0.50361 0.012219
10.167 0.50518 0.012164
10.267 0.50669 0.012112
10.367 0.50814 0.012065
10.467 0.50955 0.012022
10.567 0.51091 0.011983
10.667 0.51222 0.011948
10.767 0.51348 0.011917
10.867 0.51469 0.011889
10.967 0.51587 0.011865
11.067 0.51699 0.011844
11.167 0.51808 0.011827
11.267 0.51913 0.011813
11.367 0.52013 0.011801
11.467 0.5211 0.011793
11.567 0.52203 0.011788
11.667 0.52293 0.011785
11.767 0.52379 0.011785
11.867 0.52461 0.011788
11.967 0.5254 0.011793
12.067 0.52616 0.0118
12.167 0.52689 0.011809
12.267 0.52758 0.01182
12.367 0.52825 0.011832
12.467 0.52889 0.011847
12.567 0.5295 0.011862
12.667 0.53008 0.011879
12.767 0.53064 0.011898
12.867 0.53117 0.011917
12.967 0.53167 0.011938
13.067 0.53215 0.011959
13.167 0.53261 0.011981
13.267 0.53304 0.012003
13.367 0.53345 0.012026
13.467 0.53384 0.012049
13.567 0.53421 0.012073
13.667 0.53456 0.012097
13.767 0.53489 0.01212
13.867 0.5352 0.012144
13.967 0.53549 0.012168
14.067 0.53576 0.012191
14.167 0.53601 0.012214
14.267 0.53625 0.012237
14.367 0.53647 0.012259
14.467 0.53667 0.012281
14.567 0.53686 0.012302
14.667 0.53704 0.012322
14.767 0.53719 0.012342
14.867 0.53734 0.012361
14.967 0.53747 0.01238
15.067 0.53759 0.012397
15.167 0.53769 0.012414
15.267 0.53778 0.012429
15.367 0.53786 0.012444
15.467 0.53792 0.012458
15.567 0.53798 0.012471
15.667 0.53802 0.012482
15.767 0.53806 0.012493
15.867 0.53808 0.012503
15.967 0.53809 0.012511
16.067 0.53809 0.012519
16.167 0.53808 0.012525
16.267 0.53806 0.012531
16.367 0.53804 0.012535
16.467 0.538 0.012538
16.567 0.53796 0.01254
16.667 0.5379 0.012541
16.767 0.53784 0.012541
16.867 0.53777 0.012539
16.967 0.53769 0.012537
17.067 0.53761 0.012533
17.167 0.53752 0.012529
17.267 0.53742 0.012523
17.367 0.53731 0.012516
17.467 0.5372 0.012509
17.567 0.53708 0.0125
17.667 0.53696 0.01249
17.767 0.53683 0.012479
17.867 0.53669 0.012468
17.967 0.53655 0.012455
18.067 0.5364 0.012441
18.167 0.53625 0.012427
18.267 0.53609 0.012411
18.367 0.53593 0.012395
18.467 0.53576 0.012378
18.567 0.53558 0.01236
18.667 0.53541 0.012341
18.767 0.53522 0.012322
18.867 0.53504 0.012301
18.967 0.53485 0.01228
19.067 0.53465 0.012259
19.167 0.53445 0.012236
19.267 0.53425 0.012213
19.367 0.53404 0.01219
19.467 0.53383 0.012165
19.567 0.53362 0.012141
19.667 0.5334 0.012115
19.767 0.53318 0.012089
19.867 0.53296 0.012063
19.967 0.53273 0.012036
