0.053232 0.09353 0.081737
0.15323 0.10088 0.082144
0.25323 0.1083 0.082571
0.35323 0.11579 0.083018
0.45323 0.12335 0.083481
0.55323 0.13098 0.083957
0.65323 0.13868 0.084443
0.75323 0.14644 0.084936
0.85323 0.15428 0.085433
0.95323 0.16218 0.085931
1.0532 0.17015 0.086426
1.1532 0.17819 0.086917
1.2532 0.1863 0.087398
1.3532 0.19446 0.087869
1.4532 0.2027 0.088325
1.5532 0.21099 0.088763
1.6532 0.21936 0.089181
1.7532 0.22778 0.089576
1.8532 0.23626 0.089945
1.9532 0.24481 0.090284
2.0532 0.25342 0.090593
2.1532 0.26209 0.090867
2.2532 0.27081 0.091105
2.3532 0.2796 0.091303
2.4532 0.28844 0.091461
2.5532 0.29735 0.091575
2.6532 0.3063 0.091643
2.7532 0.31532 0.091663
2.8532 0.32438 0.091634
2.9532 0.33351 0.091555
3.0532 0.34268 0.091422
3.1532 0.35191 0.091236
3.2532 0.36119 0.090995
3.3532 0.37052 0.090699
3.4532 0.3799 0.090346
3.5532 0.38932 0.089936
3.6532 0.3988 0.08947
3.7532 0.40833 0.088948
3.8532 0.4179 0.08837
3.9532 0.42751 0.087737
4.0532 0.43717 0.087052
4.1532 0.44688 0.086316
4.2532 0.45662 0.085533
4.3532 0.46641 0.084705
4.4532 0.47624 0.083837
4.5532 0.48611 0.082933
4.6532 0.49601 0.082001
4.7532 0.50596 0.081046
4.8532 0.51594 0.080077
4.9532 0.52596 0.079104
5.0532 0.53601 0.078137
5.1532 0.54609 0.077188
5.2532 0.55621 0.076271
5.3532 0.56636 0.075403
5.4532 0.57654 0.074599
5.5532 0.58675 0.07388
5.6532 0.59699 0.073265
5.7532 0.60725 0.072776
5.8532 0.61754 0.072438
5.9532 0.62786 0.072273
6.0532 0.6382 0.072305
6.1532 0.64856 0.072559
6.2532 0.65895 0.073057
6.3532 0.66935 0.073821
6.4532 0.67978 0.074868
6.5532 0.69022 0.076215
6.6532 0.70068 0.077874
6.7532 0.71116 0.079854
6.8532 0.72165 0.082159
6.9532 0.73216 0.084792
7.0532 0.74267 0.087752
7.1532 0.75321 0.091035
7.2532 0.76375 0.094635
7.3532 0.7743 0.098546
7.4532 0.78486 0.10276
7.5532 0.79543 0.10726
7.6532 0.806 0.11205
7.7532 0.81658 0.11711
7.8532 0.82716 0.12244
7.9532 0.83775 0.12802
8.0532 0.84834 0.13385
8.1532 0.85893 0.13992
8.2532 0.86952 0.14115
8.3532 0.88003 0.13477
8.4532 0.89044 0.12864
8.5532 0.90076 0.12276
8.6532 0.91099 0.11714
8.7532 0.92111 0.11178
8.8532 0.93114 0.10669
8.9532 0.94107 0.10187
9.0532 0.95091 0.097314
9.1532 0.96064 0.093037
9.2532 0.97027 0.089039
9.3532 0.9798 0.085323
9.4532 0.98923 0.08189
9.5532 0.99855 0.078744
9.6532 1.0078 0.075882
9.7532 1.0169 0.073306
9.8532 1.0259 0.071011
9.9532 1.0348 0.068993
10.053 1.0436 0.067244
10.153 1.0523 0.065756
10.253 1.0609 0.064517
10.353 1.0694 0.063512
10.453 1.0777 0.062727
10.553 1.086 0.062145
10.653 1.0941 0.061747
10.753 1.1022 0.061515
10.853 1.1101 0.061431
10.953 1.1179 0.061475
11.053 1.1257 0.06163
11.153 1.1333 0.061878
11.253 1.1408 0.062205
11.353 1.1481 0.062594
11.453 1.1554 0.063033
11.553 1.1626 0.06351
11.653 1.1696 0.064014
11.753 1.1766 0.064535
11.853 1.1834 0.065066
11.953 1.1901 0.065597
12.053 1.1967 0.066125
12.153 1.2032 0.066642
12.253 1.2096 0.067145
12.353 1.2159 0.067629
12.453 1.222 0.068092
12.553 1.2281 0.068531
12.653 1.2341 0.068944
12.753 1.2399 0.069328
12.853 1.2456 0.069684
12.953 1.2513 0.070009
13.053 1.2568 0.070304
13.153 1.2622 0.070567
13.253 1.2675 0.0708
13.353 1.2727 0.071001
13.453 1.2778 0.07117
13.553 1.2828 0.071309
13.653 1.2877 0.071418
13.753 1.2925 0.071497
13.853 1.2971 0.071547
13.953 1.3017 0.071568
14.053 1.3062 0.071561
14.153 1.3106 0.071527
14.253 1.3149 0.071468
14.353 1.3191 0.071382
14.453 1.3231 0.071273
14.553 1.3271 0.07114
14.653 1.331 0.070984
14.753 1.3348 0.070806
14.853 1.3385 0.070607
14.953 1.3421 0.070388
15.053 1.3457 0.070151
15.153 1.3491 0.069895
15.253 1.3524 0.069621
15.353 1.3557 0.069331
15.453 1.3589 0.069026
15.553 1.362 0.068705
15.653 1.3649 0.068371
15.753 1.3679 0.068023
15.853 1.3707 0.067664
15.953 1.3734 0.067292
16.053 1.3761 0.06691
16.153 1.3787 0.066518
16.253 1.3812 0.066117
16.353 1.3836 0.065708
16.453 1.386 0.06529
16.553 1.3882 0.064866
16.653 1.3904 0.064436
16.753 1.3926 0.064
16.853 1.3946 0.06356
16.953 1.3966 0.063115
17.053 1.3985 0.062667
17.153 1.4003 0.062217
17.253 1.4021 0.061764
17.353 1.4038 0.06131
17.453 1.4055 0.060855
17.553 1.407 0.060401
17.653 1.4086 0.059946
17.753 1.41 0.059493
17.853 1.4114 0.059042
17.953 1.4127 0.058593
18.053 1.414 0.058148
18.153 1.4152 0.057705
18.253 1.4163 0.057267
18.353 1.4174 0.056834
18.453 1.4185 0.056405
18.553 1.4195 0.055983
18.653 1.4204 0.055566
18.753 1.4213 0.055156
18.853 1.4221 0.054754
18.953 1.4229 0.054359
19.053 1.4236 0.053972
19.153 1.4243 0.053593
19.253 1.4249 0.053223
19.353 1.4255 0.052863
19.453 1.4261 0.052512
19.553 1.4266 0.052171
19.653 1.427 0.05184
19.753 1.4274 0.051519
19.853 1.4278 0.051209
19.953 1.4281 0.050911
