0.062829 0.31542 0.22482
0.16283 0.31948 0.2261
0.26283 0.32365 0.22735
0.36283 0.32791 0.22855
0.46283 0.33227 0.22973
0.56283 0.33673 0.23086
0.66283 0.3413 0.23195
0.76283 0.34596 0.23299
0.86283 0.35073 0.234
0.96283 0.3556 0.23496
1.0628 0.36057 0.23587
1.1628 0.36564 0.23673
1.2628 0.37082 0.23755
1.3628 0.37611 0.23831
1.4628 0.38149 0.23903
1.5628 0.38699 0.23969
1.6628 0.39259 0.2403
1.7628 0.39829 0.24085
1.8628 0.4041 0.24135
1.9628 0.41002 0.24179
2.0628 0.41605 0.24218
2.1628 0.42219 0.2425
2.2628 0.42843 0.24277
2.3628 0.43479 0.24297
2.4628 0.44125 0.24311
2.5628 0.44783 0.2432
2.6628 0.45452 0.24321
2.7628 0.46132 0.24316
2.8628 0.46823 0.24305
2.9628 0.47525 0.24287
3.0628 0.48239 0.24263
3.1628 0.48964 0.24232
3.2628 0.49701 0.24194
3.3628 0.50449 0.24149
3.4628 0.51209 0.24097
3.5628 0.5198 0.24038
3.6628 0.52763 0.23972
3.7628 0.53558 0.23899
3.8628 0.54364 0.23819
3.9628 0.55183 0.23732
4.0628 0.56013 0.23638
4.1628 0.56855 0.23536
4.2628 0.57709 0.23427
4.3628 0.58575 0.23311
4.4628 0.59453 0.23188
4.5628 0.60344 0.23057
4.6628 0.61246 0.22919
4.7628 0.62161 0.22774
4.8628 0.63088 0.22621
4.9628 0.64028 0.22461
5.0628 0.6498 0.22294
5.1628 0.65944 0.2212
5.2628 0.66921 0.21939
5.3628 0.6791 0.2175
5.4628 0.68912 0.21555
5.5628 0.69927 0.21353
5.6628 0.70954 0.21144
5.7628 0.71995 0.20928
5.8628 0.73048 0.20706
5.9628 0.74114 0.20478
6.0628 0.75192 0.20243
6.1628 0.76284 0.20002
6.2628 0.77389 0.19755
6.3628 0.78507 0.19503
6.4628 0.79638 0.19246
6.5628 0.80783 0.18984
6.6628 0.8194 0.18717
6.7628 0.83111 0.18446
6.8628 0.84295 0.18171
6.9628 0.85493 0.17893
7.0628 0.86704 0.17612
7.1628 0.87927 0.17454
7.2628 0.89145 0.17555
7.3628 0.90352 0.17661
7.4628 0.91548 0.17771
7.5628 0.92734 0.17884
7.6628 0.93908 0.18001
7.7628 0.95072 0.1812
7.8628 0.96225 0.18243
7.9628 0.97368 0.18367
8.0628 0.985 0.18494
8.1628 0.99622 0.18623
8.2628 1.0073 0.18753
8.3628 1.0183 0.18885
8.4628 1.0292 0.19018
8.5628 1.04 0.19152
8.6628 1.0507 0.19286
8.7628 1.0613 0.19422
8.8628 1.0718 0.19557
8.9628 1.0822 0.19693
9.0628 1.0925 0.19829
9.1628 1.1027 0.19965
9.2628 1.1128 0.201
9.3628 1.1228 0.20235
9.4628 1.1327 0.2037
9.5628 1.1425 0.20504
9.6628 1.1522 0.20637
9.7628 1.1618 0.2077
9.8628 1.1713 0.20902
9.9628 1.1807 0.21032
10.063 1.19 0.21162
10.163 1.1992 0.2129
10.263 1.2084 0.21417
10.363 1.2174 0.21543
10.463 1.2263 0.21667
10.563 1.2352 0.2179
10.663 1.2439 0.21912
10.763 1.2526 0.22031
10.863 1.2612 0.2215
10.963 1.2696 0.22266
11.063 1.278 0.22381
11.163 1.2863 0.22495
11.263 1.2945 0.22606
11.363 1.3026 0.22716
11.463 1.3107 0.22824
11.563 1.3186 0.2293
11.663 1.3265 0.23034
11.763 1.3342 0.23136
11.863 1.3419 0.23237
11.963 1.3495 0.23335
12.063 1.357 0.23432
12.163 1.3644 0.23527
12.263 1.3717 0.23619
12.363 1.379 0.2371
12.463 1.3861 0.23799
12.563 1.3932 0.23886
12.663 1.4002 0.23971
12.763 1.4071 0.24054
12.863 1.414 0.24135
12.963 1.4207 0.24214
13.063 1.4274 0.24291
13.163 1.4339 0.24366
13.263 1.4404 0.24439
13.363 1.4469 0.24511
13.463 1.4532 0.2458
13.563 1.4595 0.24648
13.663 1.4657 0.24713
13.763 1.4718 0.24777
13.863 1.4778 0.24838
13.963 1.4837 0.24898
14.063 1.4896 0.24956
14.163 1.4954 0.25012
14.263 1.5011 0.25067
14.363 1.5068 0.25119
14.463 1.5123 0.2517
14.563 1.5178 0.25218
14.663 1.5232 0.25266
14.763 1.5286 0.25311
14.863 1.5339 0.25354
14.963 1.539 0.25396
15.063 1.5442 0.25436
15.163 1.5492 0.25475
15.263 1.5542 0.25511
15.363 1.5591 0.25546
15.463 1.5639 0.2558
15.563 1.5687 0.25612
15.663 1.5734 0.25642
15.763 1.578 0.2567
15.863 1.5825 0.25698
15.963 1.587 0.25723
16.063 1.5914 0.25747
16.163 1.5958 0.2577
16.263 1.6001 0.25791
16.363 1.6043 0.2581
16.463 1.6084 0.25828
16.563 1.6125 0.25845
16.663 1.6165 0.2586
16.763 1.6204 0.25874
16.863 1.6243 0.25887
16.963 1.6281 0.25898
17.063 1.6318 0.25908
17.163 1.6355 0.25917
17.263 1.6391 0.25924
17.363 1.6427 0.2593
17.463 1.6461 0.25935
17.563 1.6496 0.25939
17.663 1.6529 0.25941
17.763 1.6562 0.25943
17.863 1.6594 0.25943
17.963 1.6626 0.25942
18.063 1.6657 0.2594
18.163 1.6687 0.25937
18.263 1.6717 0.25933
18.363 1.6747 0.25928
18.463 1.6775 0.25921
18.563 1.6803 0.25914
18.663 1.6831 0.25906
18.763 1.6857 0.25897
18.863 1.6884 0.25887
18.963 1.6909 0.25876
19.063 1.6935 0.25864
19.163 1.6959 0.25852
19.263 1.6983 0.25838
19.363 1.7006 0.25824
19.463 1.7029 0.25809
19.563 1.7051 0.25793
19.663 1.7073 0.25776
19.763 1.7094 0.25759
19.863 1.7115 0.25741
19.963 1.7135 0.25722
