0.041046 0.48064 0.081288
0.14105 0.49072 0.0808
0.24105 0.50074 0.080313
0.34105 0.51073 0.079828
0.44105 0.52068 0.079345
0.54105 0.53059 0.078864
0.64105 0.54045 0.078385
0.74105 0.55028 0.077908
0.84105 0.56006 0.077433
0.94105 0.5698 0.07696
1.041 0.5795 0.07649
1.141 0.58916 0.076021
1.241 0.59878 0.075555
1.341 0.60836 0.075091
1.441 0.6179 0.07463
1.541 0.6274 0.074171
1.641 0.63686 0.073714
1.741 0.64627 0.073259
1.841 0.65565 0.072807
1.941 0.66498 0.072358
2.041 0.67427 0.071911
2.141 0.68353 0.071467
2.241 0.69274 0.071026
2.341 0.70191 0.070587
2.441 0.71104 0.070151
2.541 0.72013 0.069718
2.641 0.72918 0.069287
2.741 0.73819 0.06886
2.841 0.74715 0.068436
2.941 0.75608 0.068014
3.041 0.76497 0.067596
3.141 0.77381 0.067181
3.241 0.78262 0.066769
3.341 0.79138 0.06636
3.441 0.8001 0.065955
3.541 0.80879 0.065553
3.641 0.81743 0.065155
3.741 0.82603 0.06476
3.841 0.83459 0.064368
3.941 0.84312 0.063981
4.041 0.8516 0.063596
4.141 0.86004 0.063216
4.241 0.86844 0.06284
4.341 0.87679 0.062467
4.441 0.88511 0.062099
4.541 0.89339 0.061734
4.641 0.90163 0.061374
4.741 0.90983 0.061017
4.841 0.91798 0.060665
4.941 0.9261 0.060318
5.041 0.93418 0.059974
5.141 0.94221 0.059636
5.241 0.95021 0.059301
5.341 0.95816 0.058972
5.441 0.96608 0.058647
5.541 0.97395 0.058327
5.641 0.98179 0.058012
5.741 0.98958 0.057701
5.841 0.99734 0.057396
5.941 1.0051 0.057096
6.041 1.0127 0.056801
6.141 1.0204 0.056511
6.241 1.028 0.056227
6.341 1.0355 0.055948
6.441 1.043 0.055674
6.541 1.0505 0.055406
6.641 1.0579 0.055144
6.741 1.0653 0.054887
6.841 1.0727 0.054636
6.941 1.08 0.054392
7.041 1.0873 0.054153
7.141 1.0945 0.05392
7.241 1.1017 0.053693
7.341 1.1088 0.053473
7.441 1.1159 0.053258
7.541 1.123 0.053051
7.641 1.13 0.052849
7.741 1.137 0.052654
7.841 1.144 0.052466
7.941 1.1509 0.052284
8.041 1.1578 0.052109
8.141 1.1646 0.051941
8.241 1.1714 0.051779
8.341 1.1781 0.051625
8.441 1.1849 0.051477
8.541 1.1915 0.051337
8.641 1.1982 0.051203
8.741 1.2048 0.051077
8.841 1.2113 0.050958
8.941 1.2178 0.050846
9.041 1.2243 0.050741
9.141 1.2307 0.050644
9.241 1.2371 0.050554
9.341 1.2435 0.050471
9.441 1.2498 0.050396
9.541 1.2561 0.050328
9.641 1.2623 0.050268
9.741 1.2685 0.050216
9.841 1.2747 0.05017
9.941 1.2808 0.050133
10.041 1.2868 0.050103
10.141 1.2929 0.05008
10.241 1.2989 0.050066
10.341 1.3048 0.050058
10.441 1.3108 0.050059
10.541 1.3166 0.050067
10.641 1.3225 0.050082
10.741 1.3283 0.050106
10.841 1.334 0.050136
10.941 1.3397 0.050175
11.041 1.3454 0.05022
11.141 1.3511 0.050274
11.241 1.3567 0.050335
11.341 1.3622 0.050403
11.441 1.3678 0.050479
11.541 1.3732 0.050562
11.641 1.3787 0.050652
11.741 1.3841 0.05075
11.841 1.3895 0.050855
11.941 1.3948 0.050967
12.041 1.4001 0.051087
12.141 1.4053 0.051214
12.241 1.4105 0.051347
12.341 1.4157 0.051488
12.441 1.4208 0.051636
12.541 1.4259 0.05179
12.641 1.431 0.051951
12.741 1.436 0.05212
12.841 1.4409 0.052294
12.941 1.4459 0.052476
13.041 1.4508 0.052664
13.141 1.4556 0.052859
13.241 1.4604 0.05306
13.341 1.4652 0.053267
13.441 1.4699 0.05348
13.541 1.4746 0.0537
13.641 1.4793 0.053926
13.741 1.4839 0.054158
13.841 1.4885 0.054396
13.941 1.493 0.054639
14.041 1.4975 0.054889
14.141 1.502 0.055144
14.241 1.5064 0.055405
14.341 1.5108 0.055672
14.441 1.5151 0.055944
14.541 1.5194 0.056221
14.641 1.5237 0.056504
14.741 1.5279 0.056791
14.841 1.5321 0.057084
14.941 1.5363 0.057383
15.041 1.5404 0.057686
15.141 1.5445 0.057994
15.241 1.5485 0.058307
15.341 1.5525 0.058624
15.441 1.5564 0.058946
15.541 1.5604 0.059273
15.641 1.5642 0.059605
15.741 1.5681 0.059941
15.841 1.5719 0.060281
15.941 1.5756 0.060625
16.041 1.5794 0.060974
16.141 1.583 0.061327
16.241 1.5867 0.061684
16.341 1.5903 0.062045
16.441 1.5939 0.06241
16.541 1.5974 0.062779
16.641 1.6009 0.063151
16.741 1.6043 0.063528
16.841 1.6077 0.063908
16.941 1.6111 0.064291
17.041 1.6144 0.064678
17.141 1.6177 0.065069
17.241 1.621 0.065463
17.341 1.6242 0.06586
17.441 1.6274 0.066261
17.541 1.6305 0.066664
17.641 1.6336 0.067071
17.741 1.6367 0.067481
17.841 1.6397 0.067894
17.941 1.6427 0.068311
18.041 1.6457 0.06873
18.141 1.6486 0.069151
18.241 1.6514 0.069576
18.341 1.6543 0.070004
18.441 1.6571 0.070434
18.541 1.6598 0.070867
18.641 1.6625 0.071302
18.741 1.6652 0.07174
18.841 1.6679 0.072181
18.941 1.6705 0.072624
19.041 1.673 0.073069
19.141 1.6756 0.073517
19.241 1.678 0.073968
19.341 1.6805 0.07442
19.441 1.6829 0.074875
19.541 1.6853 0.075332
19.641 1.6876 0.075791
19.741 1.6899 0.076252
19.841 1.6922 0.076716
19.941 1.6944 0.077181
