0.062829 0.39846 0.17615
0.16283 0.40571 0.17545
0.26283 0.41321 0.17464
0.36283 0.42098 0.17372
0.46283 0.42902 0.17271
0.56283 0.43732 0.17161
0.66283 0.4459 0.17044
0.76283 0.45476 0.16919
0.86283 0.46389 0.16789
0.96283 0.4733 0.16654
1.0628 0.48299 0.16514
1.1628 0.49296 0.16372
1.2628 0.50323 0.16227
1.3628 0.51378 0.16081
1.4628 0.52462 0.15935
1.5628 0.53576 0.15789
1.6628 0.5472 0.15644
1.7628 0.55893 0.15501
1.8628 0.57097 0.1536
1.9628 0.58331 0.15224
2.0628 0.59596 0.15091
2.1628 0.60892 0.14964
2.2628 0.62219 0.14842
2.3628 0.63578 0.14727
2.4628 0.64968 0.14619
2.5628 0.66391 0.14518
2.6628 0.67846 0.14425
2.7628 0.69334 0.14342
2.8628 0.70854 0.14268
2.9628 0.72408 0.14204
3.0628 0.73995 0.14151
3.1628 0.75616 0.1411
3.2628 0.77271 0.14082
3.3628 0.7896 0.14067
3.4628 0.80683 0.14066
3.5628 0.82442 0.14082
3.6628 0.84235 0.14114
3.7628 0.86064 0.14165
3.8628 0.87928 0.14236
3.9628 0.89828 0.14328
4.0628 0.91765 0.14444
4.1628 0.93738 0.14585
4.2628 0.95747 0.14754
4.3628 0.97794 0.14952
4.4628 0.99878 0.15183
4.5628 1.02 0.15448
4.6628 1.0416 0.1575
4.7628 1.0636 0.16091
4.8628 1.0859 0.16475
4.9628 1.1087 0.16903
5.0628 1.1318 0.17378
5.1628 1.1553 0.17902
5.2628 1.1792 0.18477
5.3628 1.2035 0.19107
5.4628 1.2282 0.19791
5.5628 1.2534 0.20533
5.6628 1.2789 0.21335
5.7628 1.3047 0.2072
5.8628 1.3303 0.19229
5.9628 1.3556 0.17914
6.0628 1.3807 0.16783
6.1628 1.4055 0.15844
6.2628 1.4301 0.151
6.3628 1.4544 0.14549
6.4628 1.4784 0.14182
6.5628 1.5022 0.13985
6.6628 1.5258 0.13936
6.7628 1.5491 0.14011
6.8628 1.5722 0.14185
6.9628 1.595 0.1443
7.0628 1.6176 0.14725
7.1628 1.64 0.15048
7.2628 1.6622 0.15382
7.3628 1.6841 0.15711
7.4628 1.7058 0.16025
7.5628 1.7272 0.16313
7.6628 1.7485 0.16568
7.7628 1.7695 0.16784
7.8628 1.7903 0.16957
7.9628 1.8109 0.17084
8.0628 1.8313 0.17162
8.1628 1.8515 0.17191
8.2628 1.8714 0.17172
8.3628 1.8912 0.17104
8.4628 1.9108 0.1699
8.5628 1.9301 0.16834
8.6628 1.9493 0.16639
8.7628 1.9683 0.1641
8.8628 1.987 0.16157
8.9628 2.0056 0.15886
9.0628 2.024 0.15609
9.1628 2.0422 0.15339
9.2628 2.0602 0.15092
9.3628 2.0781 0.14886
9.4628 2.0957 0.14741
9.5628 2.1132 0.14679
9.6628 2.1305 0.14723
9.7628 2.1477 0.14895
9.8628 2.1646 0.15214
9.9628 2.1814 0.15696
10.063 2.198 0.16351
10.163 2.2145 0.17184
10.263 2.2308 0.18195
10.363 2.2469 0.19381
10.463 2.2629 0.20734
10.563 2.2787 0.22248
