0.04856 0.82081 0.12671
0.14856 0.82193 0.12801
0.24856 0.82292 0.12922
0.34856 0.82378 0.13034
0.44856 0.8245 0.13137
0.54856 0.8251 0.13231
0.64856 0.82557 0.13314
0.74856 0.82592 0.13388
0.84856 0.82615 0.13451
0.94856 0.82626 0.13503
1.0486 0.82626 0.13545
1.1486 0.82615 0.13576
1.2486 0.82593 0.13596
1.3486 0.8256 0.13606
1.4486 0.82518 0.13605
1.5486 0.82467 0.13593
1.6486 0.82406 0.1357
1.7486 0.82337 0.13538
1.8486 0.8226 0.13494
1.9486 0.82176 0.13441
2.0486 0.82084 0.13379
2.1486 0.81987 0.13307
2.2486 0.81884 0.13225
2.3486 0.81775 0.13136
2.4486 0.81663 0.13037
2.5486 0.81546 0.12932
2.6486 0.81427 0.12818
2.7486 0.81305 0.12699
2.8486 0.81182 0.12573
2.9486 0.81058 0.12441
3.0486 0.80933 0.12305
3.1486 0.8081 0.12164
3.2486 0.80688 0.1202
3.3486 0.80568 0.11873
3.4486 0.80451 0.11725
3.5486 0.80339 0.11575
3.6486 0.80231 0.11425
3.7486 0.80129 0.11276
3.8486 0.80034 0.11128
3.9486 0.79946 0.10982
4.0486 0.79867 0.1084
4.1486 0.79797 0.10702
4.2486 0.79738 0.10569
4.3486 0.7969 0.10441
4.4486 0.79654 0.10321
4.5486 0.79632 0.10208
4.6486 0.79624 0.10103
4.7486 0.79632 0.10007
4.8486 0.79656 0.099206
4.9486 0.79697 0.098438
5.0486 0.79757 0.097773
5.1486 0.79836 0.097213
5.2486 0.79936 0.096758
5.3486 0.80058 0.096409
5.4486 0.80203 0.096165
5.5486 0.80371 0.096023
5.6486 0.80564 0.095979
5.7486 0.80783 0.096028
5.8486 0.8103 0.096164
5.9486 0.81304 0.09638
6.0486 0.81608 0.096668
6.1486 0.81943 0.097018
6.2486 0.82309 0.097422
6.3486 0.82708 0.097869
6.4486 0.83141 0.098349
6.5486 0.83608 0.098852
6.6486 0.84112 0.099367
6.7486 0.84653 0.099883
6.8486 0.85233 0.10039
6.9486 0.85852 0.10088
7.0486 0.86511 0.10134
7.1486 0.87213 0.10176
7.2486 0.87957 0.10213
7.3486 0.88746 0.10245
7.4486 0.8958 0.1027
7.5486 0.9046 0.10288
7.6486 0.91388 0.10299
7.7486 0.92364 0.10301
7.8486 0.9339 0.10295
7.9486 0.94468 0.10281
8.0486 0.95597 0.10257
8.1486 0.96779 0.10224
8.2486 0.98016 0.10183
8.3486 0.99308 0.10133
8.4486 1.0066 0.10076
8.5486 1.0206 0.10012
8.6486 1.0353 0.099425
8.7486 1.0505 0.098686
8.8486 1.0664 0.097924
8.9486 1.0829 0.097162
9.0486 1.1 0.096425
9.1486 1.1177 0.095745
9.2486 1.1361 0.095159
9.3486 1.1552 0.094709
9.4486 1.1749 0.094441
9.5486 1.1954 0.094406
9.6486 1.2165 0.094658
9.7486 1.2383 0.095255
9.8486 1.2608 0.096255
9.9486 1.2841 0.097713
10.049 1.3081 0.099683
10.149 1.3329 0.10221
10.249 1.3584 0.10534
10.349 1.3847 0.10909
10.449 1.4117 0.1135
10.549 1.4396 0.11858
10.649 1.468 0.1183
10.749 1.4958 0.11361
10.849 1.523 0.1096
10.949 1.5494 0.1063
11.049 1.5751 0.1037
11.149 1.6002 0.10181
11.249 1.6246 0.10061
11.349 1.6483 0.10006
11.449 1.6714 0.10014
11.549 1.6938 0.10078
11.649 1.7156 0.10194
11.749 1.7367 0.10354
11.849 1.7572 0.10554
11.949 1.7772 0.10786
12.049 1.7965 0.11045
12.149 1.8152 0.11326
12.249 1.8333 0.11624
12.349 1.8509 0.11936
12.449 1.8679 0.12257
12.549 1.8843 0.12584
12.649 1.9002 0.12914
12.749 1.9155 0.13246
12.849 1.9303 0.13577
12.949 1.9446 0.13905
13.049 1.9583 0.14229
13.149 1.9716 0.14547
13.249 1.9843 0.14859
13.349 1.9965 0.15163
13.449 2.0082 0.15459
13.549 2.0195 0.15746
13.649 2.0303 0.16023
13.749 2.0406 0.16291
13.849 2.0504 0.16548
13.949 2.0598 0.16794
14.049 2.0687 0.17029
14.149 2.0772 0.17253
14.249 2.0853 0.17466
14.349 2.0929 0.17667
14.449 2.1001 0.17856
14.549 2.1069 0.18034
14.649 2.1133 0.18199
14.749 2.1193 0.18353
14.849 2.1249 0.18495
14.949 2.1301 0.18625
15.049 2.1349 0.18744
15.149 2.1393 0.1885
15.249 2.1433 0.18945
15.349 2.147 0.19028
15.449 2.1504 0.19099
15.549 2.1533 0.19159
15.649 2.156 0.19207
15.749 2.1582 0.19244
15.849 2.1602 0.1927
15.949 2.1618 0.19284
16.049 2.1631 0.19288
16.149 2.164 0.19281
16.249 2.1646 0.19263
16.349 2.165 0.19234
16.449 2.165 0.19195
16.549 2.1647 0.19147
16.649 2.1641 0.19088
16.749 2.1632 0.19019
16.849 2.162 0.18941
16.949 2.1606 0.18853
17.049 2.1589 0.18756
17.149 2.1568 0.1865
17.249 2.1546 0.18536
17.349 2.152 0.18413
17.449 2.1492 0.18283
17.549 2.1461 0.18144
17.649 2.1428 0.17998
17.749 2.1393 0.17845
17.849 2.1354 0.17686
17.949 2.1314 0.1752
18.049 2.1271 0.17348
18.149 2.1226 0.1717
18.249 2.1178 0.16987
18.349 2.1128 0.168
18.449 2.1076 0.16609
18.549 2.1022 0.16415
18.649 2.0966 0.16217
18.749 2.0907 0.16018
18.849 2.0847 0.15816
18.949 2.0784 0.15614
19.049 2.0719 0.15412
19.149 2.0653 0.15211
19.249 2.0584 0.15012
19.349 2.0514 0.14815
19.449 2.0441 0.14622
19.549 2.0367 0.14434
19.649 2.0291 0.14251
19.749 2.0213 0.14076
19.849 2.0134 0.13909
19.949 2.0053 0.13752
