0.066605 0.67124 0.079546
0.16661 0.67819 0.078767
0.26661 0.68536 0.077988
0.36661 0.69274 0.077217
0.46661 0.70033 0.07646
0.56661 0.70814 0.075728
0.66661 0.71616 0.075028
0.76661 0.7244 0.074371
0.86661 0.73285 0.073768
0.96661 0.74151 0.073228
1.0666 0.75038 0.072763
1.1666 0.75947 0.072385
1.2666 0.76878 0.072106
1.3666 0.7783 0.071937
1.4666 0.78803 0.07189
1.5666 0.79797 0.071975
1.6666 0.80812 0.072205
1.7666 0.81849 0.07259
1.8666 0.82907 0.073138
1.9666 0.83987 0.073861
2.0666 0.85087 0.074767
2.1666 0.86209 0.075867
2.2666 0.87351 0.077173
2.3666 0.88515 0.078701
2.4666 0.897 0.08047
2.5666 0.90905 0.08251
2.6666 0.92131 0.08486
2.7666 0.93377 0.087576
2.8666 0.94644 0.090737
2.9666 0.95931 0.094451
3.0666 0.97237 0.098861
3.1666 0.98563 0.10416
3.2666 0.99908 0.11059
3.3666 1.0127 0.11845
3.4666 1.0265 0.12811
3.5666 1.0405 0.13999
3.6666 1.0547 0.15459
3.7666 1.0689 0.13202
3.8666 1.0831 0.10556
3.9666 1.0972 0.10416
4.0666 1.1112 0.12327
4.1666 1.125 0.15079
4.2666 1.1387 0.17891
4.3666 1.1522 0.20391
4.4666 1.1655 0.22396
4.5666 1.1786 0.23806
4.6666 1.1913 0.24573
4.7666 1.2037 0.24688
4.8666 1.2158 0.2418
4.9666 1.2274 0.23115
5.0666 1.2386 0.21598
5.1666 1.2492 0.19774
5.2666 1.2593 0.17815
5.3666 1.2689 0.1591
5.4666 1.2778 0.14241
5.5666 1.2862 0.12945
5.6666 1.294 0.1207
5.7666 1.3012 0.11562
5.8666 1.3078 0.11295
5.9666 1.314 0.11127
6.0666 1.3197 0.10953
6.1666 1.3249 0.10712
6.2666 1.3298 0.10389
6.3666 1.3343 0.099953
6.4666 1.3386 0.095599
6.5666 1.3426 0.091162
6.6666 1.3463 0.086965
6.7666 1.3499 0.083268
6.8666 1.3534 0.080238
6.9666 1.3567 0.077949
7.0666 1.3599 0.076385
7.1666 1.363 0.075462
7.2666 1.366 0.075059
7.3666 1.3689 0.075042
7.4666 1.3718 0.075282
7.5666 1.3747 0.075671
7.6666 1.3775 0.076122
7.7666 1.3803 0.07657
7.8666 1.3831 0.076971
7.9666 1.3858 0.077296
8.0666 1.3886 0.077529
8.1666 1.3913 0.077663
8.2666 1.394 0.077697
8.3666 1.3967 0.077636
8.4666 1.3994 0.077485
8.5666 1.4021 0.077252
8.6666 1.4048 0.076947
8.7666 1.4075 0.076578
8.8666 1.4101 0.076153
8.9666 1.4128 0.075681
9.0666 1.4155 0.075169
9.1666 1.4181 0.074625
9.2666 1.4208 0.074055
9.3666 1.4235 0.073463
9.4666 1.4261 0.072856
9.5666 1.4288 0.072237
9.6666 1.4314 0.071611
9.7666 1.4341 0.070981
9.8666 1.4368 0.07035
9.9666 1.4394 0.069721
10.067 1.4421 0.069095
10.167 1.4447 0.068476
10.267 1.4474 0.067865
10.367 1.4501 0.067263
10.467 1.4527 0.066672
10.567 1.4554 0.066094
10.667 1.458 0.06553
10.767 1.4607 0.06498
10.867 1.4634 0.064445
10.967 1.466 0.063928
11.067 1.4687 0.063427
11.167 1.4713 0.062945
11.267 1.474 0.062482
11.367 1.4766 0.062038
11.467 1.4793 0.061615
11.567 1.482 0.061212
11.667 1.4846 0.060831
11.767 1.4873 0.060471
11.867 1.4899 0.060134
11.967 1.4926 0.05982
12.067 1.4953 0.059529
12.167 1.4979 0.059261
12.267 1.5006 0.059018
12.367 1.5032 0.058799
12.467 1.5059 0.058604
12.567 1.5085 0.058435
12.667 1.5112 0.058291
12.767 1.5139 0.058172
12.867 1.5165 0.058078
12.967 1.5192 0.058011
13.067 1.5218 0.057969
13.167 1.5245 0.057953
13.267 1.5271 0.057963
13.367 1.5298 0.057998
13.467 1.5325 0.05806
13.567 1.5351 0.058147
13.667 1.5378 0.05826
13.767 1.5404 0.058398
13.867 1.5431 0.058562
13.967 1.5458 0.058751
14.067 1.5484 0.058965
14.167 1.5511 0.059203
14.267 1.5537 0.059465
14.367 1.5564 0.059752
14.467 1.559 0.060062
14.567 1.5617 0.060396
14.667 1.5644 0.060752
14.767 1.567 0.061131
14.867 1.5697 0.061532
14.967 1.5723 0.061954
15.067 1.575 0.062398
15.167 1.5776 0.062863
15.267 1.5803 0.063347
15.367 1.583 0.063852
15.467 1.5856 0.064376
15.567 1.5883 0.064919
15.667 1.5909 0.06548
15.767 1.5936 0.06606
15.867 1.5963 0.066656
15.967 1.5989 0.06727
16.067 1.6016 0.067901
16.167 1.6042 0.068547
16.267 1.6069 0.069209
16.367 1.6095 0.069887
16.467 1.6122 0.070579
16.567 1.6149 0.071285
16.667 1.6175 0.072006
16.767 1.6202 0.07274
16.867 1.6228 0.073487
16.967 1.6255 0.074247
17.067 1.6281 0.075019
17.167 1.6308 0.075803
17.267 1.6335 0.076598
17.367 1.6361 0.077405
17.467 1.6388 0.078223
17.567 1.6414 0.079051
17.667 1.6441 0.079889
17.767 1.6468 0.080738
17.867 1.6494 0.081596
17.967 1.6521 0.082463
18.067 1.6547 0.083339
18.167 1.6574 0.084224
18.267 1.66 0.085117
18.367 1.6627 0.086019
18.467 1.6654 0.086928
18.567 1.668 0.087845
18.667 1.6707 0.08877
18.767 1.6733 0.089702
18.867 1.676 0.090641
18.967 1.6786 0.091586
19.067 1.6813 0.092538
19.167 1.684 0.093497
19.267 1.6866 0.094461
19.367 1.6893 0.095432
19.467 1.6919 0.096408
19.567 1.6946 0.09739
19.667 1.6973 0.098378
19.767 1.6999 0.099371
19.867 1.7026 0.10037
19.967 1.7052 0.10137
