   Lbol_peak,      t_peak,56Ni from Suggested beta,   56Ni tail,      M_ej/E,56Ni tail error,beta required
           0,           0,           0,           0,           0,           0,           0
1.85607795892e+42,        20.6,0.205247054095,0.0507744970336,0.00496132165866,         3.6,       0.325
1.79640104233e+42,        21.2,0.251325533296,0.0475076515418,0.00463476009277,         3.4,       0.315
2.04713877827e+42,        15.8,0.373235912753,0.0679675431304,0.00728969843652,         3.8,       0.445
1.42399447246e+42,        22.7,0.185979221622,0.0330552638248,0.00311900872416,         3.4,       0.285
2.54104318187e+42,        20.6,0.366542931502,0.0758606395347,0.00642660263458,         3.7,       0.335
2.06879928911e+42,        16.5,0.270911407594,0.0397246475513,0.00347451826845,         4.7,        0.37
4.23148234144e+42,        21.4,0.458657592424,0.155278579026,0.0143981240911,         4.6,        0.34
2.03477972319e+42,        17.5,0.25255446271,0.0521712685116,0.00551060896483,         3.9,        0.38
