56608.0,-12.1,1.19e+42,1.19e+42,9.93e+41,1.19e+42,5.06e+40
56608.7,-11.4,1.31e+42,1.31e+42,1.08e+42,1.31e+42,6.14e+40
56609.8,-10.3,1.45e+42,1.45e+42,1.17e+42,1.45e+42,6.72e+40
56610.8,-9.3,1.53e+42,1.53e+42,1.21e+42,1.53e+42,8.44e+40
56611.3,-8.8,1.56e+42,1.56e+42,1.22e+42,1.56e+42,8.60e+40
56612.1,-8.0,1.64e+42,1.64e+42,1.26e+42,1.64e+42,9.97e+40
56613.1,-7.0,1.72e+42,1.72e+42,1.29e+42,1.72e+42,1.02e+41
56614.6,-5.5,1.85e+42,1.85e+42,1.35e+42,1.85e+42,1.18e+41
56615.0,-5.1,1.83e+42,1.86e+42,1.36e+42,1.86e+42,1.09e+41
56616.6,-3.5,1.97e+42,1.99e+42,1.40e+42,1.99e+42,1.34e+41
56617.0,-3.1,1.99e+42,2.02e+42,1.40e+42,2.02e+42,1.35e+41
56618.6,-1.5,2.06e+42,2.08e+42,1.40e+42,2.08e+42,1.44e+41
56619.2,-0.9,2.08e+42,2.10e+42,1.38e+42,2.10e+42,1.49e+41
56620.1,0.0,2.09e+42,2.11e+42,1.36e+42,2.11e+42,1.56e+41
56621.0,0.9,2.09e+42,2.11e+42,1.33e+42,2.11e+42,1.69e+41
56623.1,3.0,2.06e+42,2.08e+42,1.24e+42,2.08e+42,1.66e+41
56624.0,3.9,2.05e+42,2.05e+42,1.18e+42,2.05e+42,1.68e+41
56625.0,4.9,2.00e+42,2.00e+42,1.13e+42,2.00e+42,1.71e+41
56625.9,5.8,1.97e+42,1.97e+42,1.09e+42,1.97e+42,1.71e+41
56627.6,7.5,1.89e+42,1.89e+42,9.99e+41,1.89e+42,1.81e+41
56629.5,9.4,1.80e+42,1.80e+42,9.09e+41,1.80e+42,1.65e+41
56631.0,10.9,1.72e+42,1.72e+42,8.41e+41,1.68e+42,1.55e+41
56633.5,13.4,1.59e+42,1.59e+42,7.41e+41,1.48e+42,1.39e+41
56634.3,14.2,1.53e+42,1.53e+42,7.12e+41,1.42e+42,1.46e+41
56635.2,15.1,1.49e+42,1.49e+42,6.77e+41,1.35e+42,1.46e+41
56637.0,16.9,1.29e+42,1.38e+42,6.10e+41,1.22e+42,1.35e+41
56638.0,17.9,1.24e+42,1.32e+42,5.75e+41,1.15e+42,1.43e+41
56640.0,19.9,1.15e+42,1.21e+42,5.10e+41,1.02e+42,1.26e+41
56640.3,20.2,1.14e+42,1.20e+42,5.00e+41,1.00e+42,1.16e+41
56649.5,29.4,8.01e+41,8.01e+41,2.76e+41,5.53e+41,1.00e+41
56650.4,30.3,7.71e+41,7.71e+41,2.67e+41,5.33e+41,9.30e+40
56652.5,32.4,7.11e+41,7.11e+41,2.50e+41,5.00e+41,9.51e+40
56653.4,33.3,6.88e+41,6.88e+41,2.43e+41,4.86e+41,8.06e+40
56656.3,36.2,6.23e+41,6.23e+41,2.25e+41,4.49e+41,7.98e+40
56658.4,38.3,5.78e+41,5.78e+41,2.13e+41,4.25e+41,6.93e+40
56659.5,39.4,5.59e+41,5.59e+41,2.08e+41,4.16e+41,7.36e+40
56660.3,40.2,5.48e+41,5.48e+41,2.05e+41,4.10e+41,6.44e+40
56663.4,43.3,4.99e+41,4.99e+41,1.92e+41,3.84e+41,5.95e+40
56663.5,43.4,4.95e+41,4.95e+41,1.92e+41,3.84e+41,6.15e+40
56666.4,46.3,4.59e+41,4.59e+41,1.83e+41,3.65e+41,5.47e+40
56668.2,48.1,4.37e+41,4.37e+41,1.77e+41,3.53e+41,5.25e+40
56669.5,49.4,4.24e+41,4.24e+41,1.73e+41,3.47e+41,5.38e+40
56670.4,50.3,4.14e+41,4.14e+41,1.71e+41,3.42e+41,4.78e+40
56671.4,51.3,4.07e+41,4.07e+41,1.69e+41,3.37e+41,4.85e+40
56672.5,52.4,3.95e+41,3.95e+41,1.66e+41,3.31e+41,4.82e+40
56673.4,53.3,3.89e+41,3.89e+41,1.64e+41,3.28e+41,4.94e+40
56674.4,54.3,3.80e+41,3.80e+41,1.61e+41,3.22e+41,4.65e+40
56675.4,55.3,3.72e+41,3.72e+41,1.59e+41,3.18e+41,3.86e+40
56676.5,56.4,3.62e+41,3.62e+41,1.57e+41,3.13e+41,3.66e+40
56677.4,57.3,3.55e+41,3.55e+41,1.54e+41,3.08e+41,4.01e+40
56680.4,60.3,3.36e+41,3.36e+41,1.47e+41,2.95e+41,3.41e+40
56683.4,63.3,3.18e+41,3.18e+41,1.41e+41,2.83e+41,3.81e+40
56683.5,63.4,3.16e+41,3.16e+41,1.41e+41,2.82e+41,3.46e+40
56685.4,65.3,3.05e+41,3.05e+41,1.37e+41,2.73e+41,3.37e+40
56685.4,65.3,3.05e+41,3.05e+41,1.37e+41,2.73e+41,3.48e+40
56691.2,71.1,2.74e+41,2.74e+41,1.25e+41,2.50e+41,2.99e+40
56691.3,71.2,2.74e+41,2.74e+41,1.25e+41,2.50e+41,3.16e+40
56694.4,74.3,2.59e+41,2.59e+41,1.20e+41,2.39e+41,3.13e+40
56697.3,77.2,2.46e+41,2.46e+41,1.15e+41,2.29e+41,2.75e+40
56700.3,80.2,2.31e+41,2.31e+41,1.09e+41,2.19e+41,2.73e+40
56701.3,81.2,2.27e+41,2.27e+41,1.08e+41,2.16e+41,2.47e+40
56702.3,82.2,2.23e+41,2.23e+41,1.06e+41,2.13e+41,2.42e+40
56706.3,86.2,2.06e+41,2.06e+41,1.01e+41,2.02e+41,2.17e+40
56708.4,88.3,1.99e+41,1.99e+41,9.83e+40,1.97e+41,2.01e+40
56713.2,93.1,1.82e+41,1.82e+41,9.21e+40,1.82e+41,1.90e+40
56713.3,93.2,1.82e+41,1.82e+41,9.21e+40,1.82e+41,1.87e+40
56715.2,95.1,1.76e+41,1.76e+41,9.01e+40,1.76e+41,1.79e+40
56715.4,95.3,1.75e+41,1.75e+41,8.99e+40,1.75e+41,1.86e+40
56721.5,101.4,1.57e+41,1.57e+41,8.25e+40,1.57e+41,1.54e+40
56722.3,102.2,1.54e+41,1.54e+41,8.16e+40,1.54e+41,1.49e+40
56730.4,110.3,1.34e+41,1.34e+41,7.11e+40,1.34e+41,1.34e+40
56731.4,111.3,1.32e+41,1.32e+41,6.98e+40,1.32e+41,1.23e+40
56733.2,113.1,1.28e+41,1.28e+41,6.74e+40,1.28e+41,1.22e+40
56735.2,115.1,1.24e+41,1.24e+41,6.51e+40,1.24e+41,1.21e+40
56741.3,121.2,1.13e+41,1.13e+41,6.01e+40,1.13e+41,1.07e+40
