0.0038772 0.67235 0.024042
0.10388 0.67742 0.024008
0.20388 0.6825 0.02398
0.30388 0.68757 0.023958
0.40388 0.69264 0.023942
0.50388 0.69771 0.023932
0.60388 0.70279 0.023928
0.70388 0.70786 0.023929
0.80388 0.71293 0.023937
0.90388 0.718 0.023949
1.0039 0.72307 0.023968
1.1039 0.72815 0.023991
1.2039 0.73322 0.02402
1.3039 0.73829 0.024055
1.4039 0.74336 0.024094
1.5039 0.74843 0.024139
1.6039 0.7535 0.024188
1.7039 0.75856 0.024243
1.8039 0.76363 0.024302
1.9039 0.7687 0.024365
2.0039 0.77377 0.024433
2.1039 0.77884 0.024506
2.2039 0.7839 0.024582
2.3039 0.78897 0.024663
2.4039 0.79403 0.024747
2.5039 0.7991 0.024835
2.6039 0.80416 0.024927
2.7039 0.80923 0.025022
2.8039 0.81429 0.02512
2.9039 0.81935 0.025222
3.0039 0.82441 0.025326
3.1039 0.82947 0.025433
3.2039 0.83453 0.025542
3.3039 0.83959 0.025654
3.4039 0.84465 0.025768
3.5039 0.84971 0.025884
3.6039 0.85477 0.026002
3.7039 0.85982 0.026121
3.8039 0.86488 0.026242
3.9039 0.86993 0.026364
4.0039 0.87498 0.026487
4.1039 0.88003 0.026611
4.2039 0.88508 0.026736
4.3039 0.89013 0.026861
4.4039 0.89518 0.026987
4.5039 0.90022 0.027113
4.6039 0.90527 0.027238
4.7039 0.91031 0.027364
4.8039 0.91535 0.027488
4.9039 0.92039 0.027613
5.0039 0.92543 0.027736
5.1039 0.93046 0.027859
5.2039 0.93549 0.02798
5.3039 0.94053 0.0281
5.4039 0.94556 0.028219
5.5039 0.95058 0.028335
5.6039 0.95561 0.02845
5.7039 0.96063 0.028563
5.8039 0.96565 0.028674
5.9039 0.97067 0.028782
6.0039 0.97568 0.028888
6.1039 0.98069 0.028991
6.2039 0.9857 0.029091
6.3039 0.9907 0.029189
6.4039 0.9957 0.029283
6.5039 1.0007 0.029374
6.6039 1.0057 0.029462
6.7039 1.0107 0.029546
6.8039 1.0157 0.029628
6.9039 1.0207 0.029705
7.0039 1.0256 0.029779
7.1039 1.0306 0.02985
7.2039 1.0356 0.029917
7.3039 1.0405 0.02998
7.4039 1.0455 0.03004
7.5039 1.0504 0.030096
7.6039 1.0554 0.030149
7.7039 1.0603 0.030199
7.8039 1.0653 0.030245
7.9039 1.0702 0.030289
8.0039 1.0751 0.030329
8.1039 1.08 0.030368
8.2039 1.0849 0.030403
8.3039 1.0898 0.030437
8.4039 1.0947 0.03047
8.5039 1.0996 0.030501
8.6039 1.1045 0.030531
8.7039 1.1094 0.030562
8.8039 1.1142 0.030592
8.9039 1.1191 0.030624
9.0039 1.1239 0.030658
9.1039 1.1287 0.030693
9.2039 1.1335 0.030733
9.3039 1.1383 0.030776
9.4039 1.1431 0.030824
9.5039 1.1479 0.030879
9.6039 1.1527 0.03094
9.7039 1.1574 0.03101
9.8039 1.1621 0.03109
9.9039 1.1669 0.03118
10.004 1.1716 0.031281
10.104 1.1762 0.031396
10.204 1.1809 0.031526
10.304 1.1856 0.031672
10.404 1.1902 0.031834
10.504 1.1948 0.032016
10.604 1.1994 0.032217
10.704 1.204 0.03244
10.804 1.2085 0.032685
10.904 1.2131 0.032954
11.004 1.2176 0.033248
11.104 1.2221 0.033568
11.204 1.2265 0.033915
11.304 1.2309 0.03429
11.404 1.2353 0.034693
11.504 1.2397 0.035125
11.604 1.2441 0.035586
11.704 1.2484 0.036077
11.804 1.2527 0.036598
11.904 1.2569 0.037148
12.004 1.2612 0.037727
12.104 1.2653 0.038335
12.204 1.2695 0.03897
12.304 1.2736 0.039633
12.404 1.2777 0.040321
12.504 1.2817 0.041035
12.604 1.2857 0.041771
12.704 1.2897 0.042529
12.804 1.2936 0.043307
12.904 1.2975 0.044103
13.004 1.3013 0.044914
13.104 1.3051 0.04574
13.204 1.3089 0.046577
13.304 1.3125 0.047422
13.404 1.3162 0.048275
13.504 1.3198 0.049131
13.604 1.3233 0.049989
13.704 1.3268 0.050845
13.804 1.3302 0.051697
13.904 1.3336 0.052541
14.004 1.3369 0.053376
14.104 1.3402 0.054199
14.204 1.3434 0.055005
14.304 1.3465 0.055794
14.404 1.3496 0.056561
14.504 1.3526 0.057305
14.604 1.3556 0.058022
14.704 1.3584 0.058709
14.804 1.3613 0.059366
14.904 1.364 0.059988
15.004 1.3667 0.060574
15.104 1.3694 0.061121
15.204 1.3719 0.061628
15.304 1.3744 0.062093
15.404 1.3768 0.062514
15.504 1.3792 0.062889
15.604 1.3815 0.063217
15.704 1.3837 0.063497
15.804 1.3858 0.063728
15.904 1.3879 0.06391
16.004 1.3899 0.064041
16.104 1.3918 0.064121
16.204 1.3937 0.064151
16.304 1.3955 0.06413
16.404 1.3972 0.064058
16.504 1.3988 0.063937
16.604 1.4004 0.063766
16.704 1.4019 0.063546
16.804 1.4034 0.06328
16.904 1.4048 0.062967
17.004 1.4061 0.062609
17.104 1.4073 0.062209
17.204 1.4085 0.061767
17.304 1.4096 0.061285
17.404 1.4107 0.060766
17.504 1.4116 0.060212
17.604 1.4126 0.059625
17.704 1.4134 0.059006
17.804 1.4142 0.05836
17.904 1.415 0.057687
18.004 1.4156 0.056991
18.104 1.4163 0.056274
18.204 1.4168 0.055539
18.304 1.4173 0.054789
18.404 1.4178 0.054025
18.504 1.4182 0.053251
18.604 1.4186 0.052469
18.704 1.4189 0.051682
18.804 1.4191 0.050892
18.904 1.4193 0.050102
19.004 1.4195 0.049314
19.104 1.4196 0.04853
19.204 1.4197 0.047752
19.304 1.4197 0.046984
19.404 1.4197 0.046226
19.504 1.4196 0.045482
19.604 1.4195 0.044751
19.704 1.4194 0.044038
19.804 1.4192 0.043342
19.904 1.419 0.042665
