0.015832 0.64911 0.039557
0.11583 0.65779 0.039345
0.21583 0.66649 0.03911
0.31583 0.6752 0.038853
0.41583 0.68393 0.038574
0.51583 0.69267 0.038276
0.61583 0.70141 0.03796
0.71583 0.71016 0.037628
0.81583 0.7189 0.037282
0.91583 0.72765 0.036926
1.0158 0.73639 0.036562
1.1158 0.74511 0.036194
1.2158 0.75383 0.035826
1.3158 0.76252 0.03546
1.4158 0.7712 0.035102
1.5158 0.77986 0.034754
1.6158 0.78849 0.034423
1.7158 0.79709 0.034111
1.8158 0.80567 0.033823
1.9158 0.8142 0.033564
2.0158 0.82271 0.033338
2.1158 0.83117 0.033147
2.2158 0.83959 0.032996
2.3158 0.84797 0.032887
2.4158 0.8563 0.032822
2.5158 0.86459 0.032802
2.6158 0.87282 0.032829
2.7158 0.88101 0.032903
2.8158 0.88914 0.033022
2.9158 0.89721 0.033185
3.0158 0.90523 0.033389
3.1158 0.91319 0.033631
3.2158 0.92109 0.033907
3.3158 0.92893 0.034214
3.4158 0.93671 0.034545
3.5158 0.94443 0.034896
3.6158 0.95208 0.03526
3.7158 0.95967 0.035633
3.8158 0.9672 0.036007
3.9158 0.97466 0.036378
4.0158 0.98206 0.036738
4.1158 0.9894 0.037083
4.2158 0.99667 0.037405
4.3158 1.0039 0.0377
4.4158 1.011 0.037961
4.5158 1.0181 0.038185
4.6158 1.0251 0.038365
4.7158 1.0321 0.038499
4.8158 1.039 0.038581
4.9158 1.0458 0.038608
5.0158 1.0526 0.038578
5.1158 1.0593 0.038487
5.2158 1.066 0.038335
5.3158 1.0726 0.038121
5.4158 1.0792 0.037844
5.5158 1.0857 0.037506
5.6158 1.0922 0.037108
5.7158 1.0986 0.036655
5.8158 1.105 0.036152
5.9158 1.1114 0.035606
6.0158 1.1177 0.035026
6.1158 1.124 0.034424
6.2158 1.1302 0.033816
6.3158 1.1365 0.033219
6.4158 1.1427 0.032656
6.5158 1.1488 0.032153
6.6158 1.155 0.03174
6.7158 1.1611 0.031451
6.8158 1.1672 0.031321
6.9158 1.1733 0.031389
7.0158 1.1794 0.031691
7.1158 1.1855 0.032261
7.2158 1.1916 0.033127
7.3158 1.1977 0.034309
7.4158 1.2039 0.035819
7.5158 1.21 0.037661
7.6158 1.2161 0.039833
7.7158 1.2222 0.042326
7.8158 1.2284 0.04513
7.9158 1.2346 0.04823
8.0158 1.2408 0.047992
8.1158 1.2467 0.046155
8.2158 1.2526 0.044395
8.3158 1.2582 0.04271
8.4158 1.2637 0.041101
8.5158 1.269 0.039569
8.6158 1.2742 0.038111
8.7158 1.2791 0.03673
8.8158 1.284 0.035423
8.9158 1.2887 0.034191
9.0158 1.2932 0.033034
9.1158 1.2976 0.031951
9.2158 1.3018 0.030941
9.3158 1.3059 0.030003
9.4158 1.3099 0.029136
9.5158 1.3137 0.028339
9.6158 1.3175 0.027611
9.7158 1.321 0.02695
9.8158 1.3245 0.026353
9.9158 1.3278 0.025819
10.016 1.3311 0.025345
10.116 1.3342 0.024929
10.216 1.3371 0.024567
10.316 1.34 0.024256
10.416 1.3428 0.023995
10.516 1.3455 0.023778
10.616 1.3481 0.023603
10.716 1.3505 0.023467
10.816 1.3529 0.023367
10.916 1.3552 0.023298
11.016 1.3574 0.023259
11.116 1.3595 0.023245
11.216 1.3615 0.023255
11.316 1.3635 0.023285
11.416 1.3653 0.023333
11.516 1.3671 0.023397
11.616 1.3688 0.023473
11.716 1.3704 0.023562
11.816 1.372 0.023659
11.916 1.3734 0.023765
12.016 1.3749 0.023876
12.116 1.3762 0.023993
12.216 1.3775 0.024113
12.316 1.3787 0.024236
12.416 1.3798 0.02436
12.516 1.3809 0.024484
12.616 1.382 0.024609
12.716 1.383 0.024733
12.816 1.3839 0.024855
12.916 1.3848 0.024975
13.016 1.3856 0.025093
13.116 1.3864 0.025208
13.216 1.3871 0.025319
13.316 1.3877 0.025427
13.416 1.3884 0.025532
13.516 1.389 0.025632
13.616 1.3895 0.025728
13.716 1.39 0.02582
13.816 1.3905 0.025908
13.916 1.3909 0.025991
14.016 1.3913 0.026069
14.116 1.3916 0.026143
14.216 1.3919 0.026213
14.316 1.3922 0.026277
14.416 1.3924 0.026337
14.516 1.3927 0.026393
14.616 1.3928 0.026443
14.716 1.393 0.02649
14.816 1.3931 0.026531
14.916 1.3932 0.026569
15.016 1.3932 0.026601
15.116 1.3933 0.02663
15.216 1.3933 0.026654
15.316 1.3933 0.026674
15.416 1.3932 0.02669
15.516 1.3932 0.026701
15.616 1.3931 0.026709
15.716 1.393 0.026713
15.816 1.3928 0.026713
15.916 1.3927 0.026709
16.016 1.3925 0.026702
16.116 1.3923 0.026691
16.216 1.3921 0.026676
16.316 1.3918 0.026659
16.416 1.3916 0.026638
16.516 1.3913 0.026613
16.616 1.391 0.026586
16.716 1.3907 0.026555
16.816 1.3904 0.026522
16.916 1.3901 0.026485
17.016 1.3897 0.026446
17.116 1.3894 0.026405
17.216 1.389 0.02636
17.316 1.3886 0.026313
17.416 1.3882 0.026264
17.516 1.3878 0.026213
17.616 1.3873 0.026159
17.716 1.3869 0.026103
17.816 1.3864 0.026045
17.916 1.386 0.025985
18.016 1.3855 0.025923
18.116 1.385 0.025859
18.216 1.3845 0.025794
18.316 1.384 0.025727
18.416 1.3835 0.025658
18.516 1.383 0.025588
18.616 1.3824 0.025516
18.716 1.3819 0.025443
18.816 1.3814 0.025369
18.916 1.3808 0.025294
19.016 1.3802 0.025217
19.116 1.3797 0.02514
19.216 1.3791 0.025062
19.316 1.3785 0.024983
19.416 1.3779 0.024903
19.516 1.3773 0.024822
19.616 1.3767 0.024741
19.716 1.3761 0.024659
19.816 1.3755 0.024577
19.916 1.3748 0.024494
