0.064413 0.40409 0.051876
0.16441 0.41082 0.052265
0.26441 0.41767 0.052644
0.36441 0.42465 0.053009
0.46441 0.43175 0.053359
0.56441 0.43898 0.053692
0.66441 0.44634 0.054005
0.76441 0.45384 0.054296
0.86441 0.46148 0.054565
0.96441 0.46927 0.054809
1.0644 0.47721 0.055027
1.1644 0.48531 0.055218
1.2644 0.49356 0.055382
1.3644 0.50198 0.055518
1.4644 0.51057 0.055627
1.5644 0.51933 0.055708
1.6644 0.52827 0.055764
1.7644 0.53739 0.055796
1.8644 0.5467 0.055807
1.9644 0.5562 0.0558
2.0644 0.56589 0.055778
2.1644 0.57579 0.055748
2.2644 0.58589 0.055714
2.3644 0.5962 0.055684
2.4644 0.60673 0.055667
2.5644 0.61747 0.055672
2.6644 0.62844 0.055709
2.7644 0.63964 0.055792
2.8644 0.65107 0.055932
2.9644 0.66274 0.056146
3.0644 0.67465 0.056449
3.1644 0.68681 0.056858
3.2644 0.69922 0.057391
3.3644 0.71189 0.058065
3.4644 0.72482 0.058899
3.5644 0.73801 0.059911
3.6644 0.75148 0.061119
3.7644 0.76522 0.062538
3.8644 0.77924 0.064184
3.9644 0.79354 0.06607
4.0644 0.80813 0.068207
4.1644 0.82295 0.068336
4.2644 0.83754 0.066337
4.3644 0.85185 0.06448
4.4644 0.86588 0.062762
4.5644 0.87963 0.061175
4.6644 0.89311 0.059716
4.7644 0.90632 0.058376
4.8644 0.91927 0.057151
4.9644 0.93195 0.056034
5.0644 0.94438 0.055018
5.1644 0.95655 0.054097
5.2644 0.96848 0.053263
5.3644 0.98017 0.052511
5.4644 0.99161 0.051833
5.5644 1.0028 0.051224
5.6644 1.0138 0.050676
5.7644 1.0245 0.050184
5.8644 1.0351 0.049742
5.9644 1.0454 0.049344
6.0644 1.0555 0.048986
6.1644 1.0653 0.048662
6.2644 1.075 0.048368
6.3644 1.0845 0.048099
6.4644 1.0937 0.047851
6.5644 1.1028 0.047622
6.6644 1.1116 0.047407
6.7644 1.1203 0.047204
6.8644 1.1288 0.04701
6.9644 1.1371 0.046823
7.0644 1.1452 0.04664
7.1644 1.1531 0.04646
7.2644 1.1609 0.04628
7.3644 1.1685 0.0461
7.4644 1.1759 0.045919
7.5644 1.1832 0.045734
7.6644 1.1903 0.045546
7.7644 1.1972 0.045353
7.8644 1.204 0.045155
7.9644 1.2106 0.044951
8.0644 1.2171 0.04474
8.1644 1.2234 0.044524
8.2644 1.2296 0.044301
8.3644 1.2356 0.04407
8.4644 1.2415 0.043833
8.5644 1.2473 0.043589
8.6644 1.2529 0.043339
8.7644 1.2584 0.043081
8.8644 1.2638 0.042817
8.9644 1.269 0.042547
9.0644 1.2741 0.04227
9.1644 1.2791 0.041988
9.2644 1.284 0.0417
9.3644 1.2887 0.041407
9.4644 1.2934 0.041108
9.5644 1.2979 0.040806
9.6644 1.3023 0.040498
9.7644 1.3066 0.040188
9.8644 1.3108 0.039873
9.9644 1.3149 0.039555
10.064 1.3189 0.039235
10.164 1.3228 0.038913
10.264 1.3266 0.038588
10.364 1.3303 0.038262
10.464 1.3339 0.037935
10.564 1.3374 0.037606
10.664 1.3409 0.037278
10.764 1.3442 0.03695
10.864 1.3475 0.036622
10.964 1.3506 0.036294
11.064 1.3537 0.035968
11.164 1.3567 0.035643
11.264 1.3596 0.035321
11.364 1.3625 0.035
11.464 1.3652 0.034682
11.564 1.3679 0.034366
11.664 1.3705 0.034054
11.764 1.3731 0.033745
11.864 1.3756 0.03344
11.964 1.378 0.03314
12.064 1.3803 0.032843
12.164 1.3826 0.032551
12.264 1.3848 0.032264
12.364 1.3869 0.031981
12.464 1.389 0.031705
12.564 1.391 0.031433
12.664 1.393 0.031168
12.764 1.3949 0.030908
12.864 1.3967 0.030654
12.964 1.3985 0.030407
13.064 1.4002 0.030165
13.164 1.4019 0.029931
13.264 1.4035 0.029703
13.364 1.4051 0.029482
13.464 1.4066 0.029267
13.564 1.4081 0.02906
13.664 1.4095 0.028859
13.764 1.4109 0.028666
13.864 1.4122 0.02848
13.964 1.4135 0.0283
14.064 1.4147 0.028128
14.164 1.4159 0.027963
14.264 1.4171 0.027805
14.364 1.4182 0.027655
14.464 1.4193 0.027511
14.564 1.4203 0.027374
14.664 1.4213 0.027244
14.764 1.4222 0.027122
14.864 1.4231 0.027006
14.964 1.424 0.026896
15.064 1.4249 0.026793
15.164 1.4257 0.026697
15.264 1.4265 0.026607
15.364 1.4272 0.026524
15.464 1.4279 0.026446
15.564 1.4286 0.026375
15.664 1.4292 0.026309
15.764 1.4298 0.02625
15.864 1.4304 0.026195
15.964 1.431 0.026146
16.064 1.4315 0.026103
16.164 1.432 0.026064
16.264 1.4324 0.026031
16.364 1.4329 0.026002
16.464 1.4333 0.025977
16.564 1.4337 0.025957
16.664 1.434 0.025941
16.764 1.4344 0.02593
16.864 1.4347 0.025922
16.964 1.435 0.025918
17.064 1.4353 0.025917
17.164 1.4355 0.02592
17.264 1.4357 0.025926
17.364 1.4359 0.025935
17.464 1.4361 0.025947
17.564 1.4362 0.025961
17.664 1.4364 0.025978
17.764 1.4365 0.025998
17.864 1.4366 0.026019
17.964 1.4367 0.026043
18.064 1.4367 0.026069
18.164 1.4368 0.026096
18.264 1.4368 0.026126
18.364 1.4368 0.026156
18.464 1.4368 0.026189
18.564 1.4368 0.026222
18.664 1.4367 0.026257
18.764 1.4366 0.026292
18.864 1.4366 0.026329
18.964 1.4365 0.026366
19.064 1.4364 0.026404
19.164 1.4362 0.026443
19.264 1.4361 0.026482
19.364 1.436 0.026522
19.464 1.4358 0.026562
19.564 1.4356 0.026602
19.664 1.4354 0.026643
19.764 1.4352 0.026683
19.864 1.435 0.026724
19.964 1.4348 0.026765
