0.0038772 0.33355 0.032819
0.10388 0.3348 0.032726
0.20388 0.33604 0.032621
0.30388 0.33729 0.032505
0.40388 0.33855 0.032379
0.50388 0.33982 0.032243
0.60388 0.34111 0.032099
0.70388 0.34242 0.031948
0.80388 0.34375 0.03179
0.90388 0.34511 0.031627
1.0039 0.3465 0.031459
1.1039 0.34792 0.031287
1.2039 0.34938 0.031113
1.3039 0.35088 0.030936
1.4039 0.35242 0.030757
1.5039 0.35401 0.030578
1.6039 0.35566 0.030399
1.7039 0.35736 0.03022
1.8039 0.35912 0.030041
1.9039 0.36095 0.029864
2.0039 0.36284 0.029687
2.1039 0.3648 0.029513
2.2039 0.36684 0.02934
2.3039 0.36896 0.029169
2.4039 0.37116 0.028999
2.5039 0.37345 0.028831
2.6039 0.37583 0.028664
2.7039 0.3783 0.028498
2.8039 0.38087 0.028333
2.9039 0.38354 0.028168
3.0039 0.38632 0.028004
3.1039 0.38921 0.02784
3.2039 0.39222 0.027674
3.3039 0.39534 0.027509
3.4039 0.39858 0.027341
3.5039 0.40195 0.027173
3.6039 0.40544 0.027003
3.7039 0.40907 0.026832
3.8039 0.41284 0.02666
3.9039 0.41675 0.026487
4.0039 0.4208 0.026313
4.1039 0.42499 0.02614
4.2039 0.42934 0.025969
4.3039 0.43385 0.0258
4.4039 0.43851 0.025637
4.5039 0.44334 0.025481
4.6039 0.44833 0.025335
4.7039 0.45349 0.025201
4.8039 0.45882 0.025085
4.9039 0.46433 0.02499
5.0039 0.47003 0.02492
5.1039 0.4759 0.024883
5.2039 0.48196 0.024882
5.3039 0.48821 0.024926
5.4039 0.49465 0.02502
5.5039 0.5013 0.025173
5.6039 0.50814 0.025393
5.7039 0.51518 0.025685
5.8039 0.52243 0.026059
5.9039 0.52989 0.026522
6.0039 0.53757 0.027079
6.1039 0.54546 0.027739
6.2039 0.55357 0.028505
6.3039 0.56175 0.02776
6.4039 0.56977 0.026813
6.5039 0.57761 0.025933
6.6039 0.58529 0.02512
6.7039 0.5928 0.024371
6.8039 0.60015 0.023685
6.9039 0.60734 0.023059
7.0039 0.61437 0.022492
7.1039 0.62125 0.02198
7.2039 0.62797 0.021521
7.3039 0.63455 0.021112
7.4039 0.64099 0.020751
7.5039 0.64728 0.020433
7.6039 0.65343 0.020157
7.7039 0.65944 0.019919
7.8039 0.66531 0.019715
7.9039 0.67106 0.019543
8.0039 0.67667 0.019399
8.1039 0.68215 0.019281
8.2039 0.68751 0.019186
8.3039 0.69274 0.019111
8.4039 0.69785 0.019053
8.5039 0.70284 0.019011
8.6039 0.70772 0.018981
8.7039 0.71248 0.018963
8.8039 0.71713 0.018953
8.9039 0.72167 0.018951
9.0039 0.7261 0.018954
9.1039 0.73042 0.018962
9.2039 0.73464 0.018974
9.3039 0.73875 0.018987
9.4039 0.74277 0.019001
9.5039 0.74669 0.019016
9.6039 0.75051 0.01903
9.7039 0.75423 0.019043
9.8039 0.75787 0.019055
9.9039 0.76141 0.019064
10.004 0.76486 0.019071
10.104 0.76822 0.019075
10.204 0.7715 0.019076
10.304 0.7747 0.019074
10.404 0.77781 0.019069
10.504 0.78084 0.019059
10.604 0.78379 0.019046
10.704 0.78666 0.01903
10.804 0.78946 0.01901
10.904 0.79218 0.018986
11.004 0.79483 0.018959
11.104 0.7974 0.018928
11.204 0.79991 0.018893
11.304 0.80234 0.018855
11.404 0.80471 0.018814
11.504 0.80702 0.01877
11.604 0.80925 0.018722
11.704 0.81143 0.018672
11.804 0.81354 0.018619
11.904 0.81559 0.018564
12.004 0.81758 0.018506
12.104 0.81951 0.018445
12.204 0.82138 0.018383
12.304 0.8232 0.018318
12.404 0.82496 0.018252
12.504 0.82666 0.018184
12.604 0.82832 0.018115
12.704 0.82992 0.018044
12.804 0.83147 0.017972
12.904 0.83297 0.017899
13.004 0.83442 0.017825
13.104 0.83583 0.017751
13.204 0.83718 0.017675
13.304 0.83849 0.0176
13.404 0.83976 0.017524
13.504 0.84098 0.017448
13.604 0.84216 0.017371
13.704 0.84329 0.017295
13.804 0.84439 0.017219
13.904 0.84544 0.017144
14.004 0.84646 0.017068
14.104 0.84743 0.016994
14.204 0.84837 0.01692
14.304 0.84927 0.016846
14.404 0.85013 0.016774
14.504 0.85096 0.016702
14.604 0.85175 0.016631
14.704 0.85251 0.016562
14.804 0.85323 0.016493
14.904 0.85392 0.016426
15.004 0.85458 0.01636
15.104 0.85521 0.016295
15.204 0.8558 0.016232
15.304 0.85637 0.01617
15.404 0.8569 0.01611
15.504 0.85741 0.016051
15.604 0.85789 0.015994
15.704 0.85834 0.015938
15.804 0.85876 0.015884
15.904 0.85916 0.015831
16.004 0.85953 0.01578
16.104 0.85987 0.015731
16.204 0.86019 0.015683
16.304 0.86049 0.015638
16.404 0.86076 0.015593
16.504 0.861 0.015551
16.604 0.86123 0.01551
16.704 0.86143 0.015471
16.804 0.86161 0.015433
16.904 0.86177 0.015397
17.004 0.8619 0.015363
17.104 0.86202 0.01533
17.204 0.86211 0.015299
17.304 0.86219 0.015269
17.404 0.86225 0.015241
17.504 0.86228 0.015215
17.604 0.8623 0.01519
17.704 0.8623 0.015166
17.804 0.86228 0.015144
17.904 0.86225 0.015123
18.004 0.8622 0.015104
18.104 0.86213 0.015086
18.204 0.86204 0.015069
18.304 0.86194 0.015054
18.404 0.86182 0.015039
18.504 0.86169 0.015026
18.604 0.86154 0.015014
18.704 0.86138 0.015003
18.804 0.8612 0.014993
18.904 0.86101 0.014985
19.004 0.86081 0.014977
19.104 0.86059 0.01497
19.204 0.86036 0.014964
19.304 0.86011 0.014959
19.404 0.85986 0.014955
19.504 0.85959 0.014951
19.604 0.8593 0.014948
19.704 0.85901 0.014946
19.804 0.85871 0.014945
19.904 0.85839 0.014944
