0.064413 0.21071 0.028859
0.16441 0.21656 0.028989
0.26441 0.22246 0.029119
0.36441 0.2284 0.029248
0.46441 0.2344 0.029376
0.56441 0.24044 0.029503
0.66441 0.24652 0.029629
0.76441 0.25264 0.029754
0.86441 0.25881 0.029878
0.96441 0.26501 0.030001
1.0644 0.27126 0.030124
1.1644 0.27754 0.030248
1.2644 0.28386 0.030372
1.3644 0.29021 0.030498
1.4644 0.29659 0.030627
1.5644 0.303 0.030759
1.6644 0.30944 0.030896
1.7644 0.31591 0.031039
1.8644 0.32241 0.03119
1.9644 0.32893 0.031349
2.0644 0.33547 0.031519
2.1644 0.34204 0.0317
2.2644 0.34862 0.031895
2.3644 0.35522 0.032106
2.4644 0.36184 0.032333
2.5644 0.36847 0.032578
2.6644 0.37511 0.032844
2.7644 0.38176 0.033131
2.8644 0.38842 0.033442
2.9644 0.39509 0.033776
3.0644 0.40177 0.034136
3.1644 0.40844 0.034522
3.2644 0.41512 0.034934
3.3644 0.42179 0.035374
3.4644 0.42847 0.035842
3.5644 0.43513 0.036336
3.6644 0.4418 0.036858
3.7644 0.44845 0.037405
3.8644 0.45509 0.037978
3.9644 0.46172 0.038574
4.0644 0.46834 0.039193
4.1644 0.47494 0.039832
4.2644 0.48152 0.040489
4.3644 0.48808 0.041162
4.4644 0.49462 0.041847
4.5644 0.50114 0.042543
4.6644 0.50763 0.043246
4.7644 0.5141 0.043953
4.8644 0.52053 0.044659
4.9644 0.52694 0.045362
5.0644 0.53331 0.046057
5.1644 0.53965 0.046741
5.2644 0.54596 0.047409
5.3644 0.55222 0.048058
5.4644 0.55845 0.048683
5.5644 0.56464 0.049279
5.6644 0.57079 0.049843
5.7644 0.5769 0.050369
5.8644 0.58296 0.050855
5.9644 0.58898 0.051295
6.0644 0.59495 0.051685
6.1644 0.60088 0.052021
6.2644 0.60675 0.052298
6.3644 0.61258 0.052514
6.4644 0.61836 0.052663
6.5644 0.62408 0.052743
6.6644 0.62976 0.052749
6.7644 0.63538 0.052679
6.8644 0.64095 0.052529
6.9644 0.64647 0.052298
7.0644 0.65193 0.051981
7.1644 0.65734 0.051579
7.2644 0.66269 0.051089
7.3644 0.66799 0.05051
7.4644 0.67324 0.049844
7.5644 0.67843 0.049089
7.6644 0.68357 0.048248
7.7644 0.68865 0.047324
7.8644 0.69368 0.046322
7.9644 0.69866 0.045246
8.0644 0.70358 0.044105
8.1644 0.70845 0.04291
8.2644 0.71327 0.041673
8.3644 0.71803 0.040411
8.4644 0.72275 0.039147
8.5644 0.72742 0.037906
8.6644 0.73204 0.036721
8.7644 0.73661 0.035631
8.8644 0.74113 0.034681
8.9644 0.74561 0.033925
9.0644 0.75004 0.033419
9.1644 0.75443 0.03322
9.2644 0.75878 0.033383
9.3644 0.76308 0.033952
9.4644 0.76735 0.034958
9.5644 0.77158 0.036417
9.6644 0.77578 0.038325
9.7644 0.77993 0.040669
9.8644 0.78406 0.043426
9.9644 0.78816 0.046566
10.064 0.79222 0.050061
10.164 0.79626 0.053883
10.264 0.80027 0.058006
10.364 0.80421 0.055501
10.464 0.80804 0.052791
10.564 0.81176 0.050215
10.664 0.81537 0.047774
10.764 0.81887 0.045467
10.864 0.82227 0.043291
10.964 0.82556 0.041247
11.064 0.82875 0.039333
11.164 0.83183 0.037547
11.264 0.83482 0.035888
11.364 0.83771 0.034353
11.464 0.84051 0.032941
11.564 0.84322 0.031647
11.664 0.84583 0.030469
11.764 0.84835 0.029402
11.864 0.85079 0.028443
11.964 0.85314 0.027586
12.064 0.85541 0.026826
12.164 0.8576 0.026157
12.264 0.85971 0.025572
12.364 0.86173 0.025066
12.464 0.86369 0.02463
12.564 0.86557 0.02426
12.664 0.86737 0.023947
12.764 0.86911 0.023685
12.864 0.87077 0.023469
12.964 0.87237 0.023291
13.064 0.8739 0.023147
13.164 0.87537 0.023031
13.264 0.87678 0.022938
13.364 0.87812 0.022864
13.464 0.8794 0.022806
13.564 0.88063 0.02276
13.664 0.8818 0.022723
13.764 0.88292 0.022693
13.864 0.88398 0.022667
13.964 0.88499 0.022644
14.064 0.88595 0.022622
14.164 0.88686 0.022599
14.264 0.88773 0.022575
14.364 0.88854 0.022549
14.464 0.88931 0.02252
14.564 0.89004 0.022488
14.664 0.89073 0.022452
14.764 0.89137 0.022413
14.864 0.89197 0.02237
14.964 0.89253 0.022322
15.064 0.89306 0.022271
15.164 0.89355 0.022216
15.264 0.894 0.022158
15.364 0.89442 0.022096
15.464 0.8948 0.022031
15.564 0.89515 0.021963
15.664 0.89547 0.021893
15.764 0.89576 0.02182
15.864 0.89602 0.021745
15.964 0.89625 0.021669
16.064 0.89645 0.021591
16.164 0.89663 0.021512
16.264 0.89677 0.021433
16.364 0.8969 0.021352
16.464 0.89699 0.021272
16.564 0.89707 0.021192
16.664 0.89712 0.021112
16.764 0.89714 0.021033
16.864 0.89715 0.020954
16.964 0.89713 0.020876
17.064 0.89709 0.0208
17.164 0.89704 0.020725
17.264 0.89696 0.020651
17.364 0.89686 0.020579
17.464 0.89675 0.020509
17.564 0.89662 0.02044
17.664 0.89647 0.020374
17.764 0.8963 0.020309
17.864 0.89612 0.020247
17.964 0.89593 0.020187
18.064 0.89572 0.020129
18.164 0.89549 0.020073
18.264 0.89525 0.02002
18.364 0.895 0.019969
18.464 0.89473 0.019919
18.564 0.89445 0.019873
18.664 0.89416 0.019828
18.764 0.89385 0.019785
18.864 0.89354 0.019745
18.964 0.89321 0.019707
19.064 0.89287 0.01967
19.164 0.89253 0.019636
19.264 0.89217 0.019603
19.364 0.8918 0.019572
19.464 0.89142 0.019543
19.564 0.89104 0.019516
19.664 0.89064 0.01949
19.764 0.89024 0.019466
19.864 0.88982 0.019443
19.964 0.8894 0.019422
