0.015832 0.33546 0.019558
0.11583 0.34107 0.019307
0.21583 0.34674 0.019039
0.31583 0.35244 0.018754
0.41583 0.35819 0.018454
0.51583 0.36398 0.018141
0.61583 0.36981 0.017816
0.71583 0.37568 0.017482
0.81583 0.38159 0.017139
0.91583 0.38754 0.016792
1.0158 0.39352 0.016442
1.1158 0.39955 0.016093
1.2158 0.4056 0.015748
1.3158 0.4117 0.01541
1.4158 0.41783 0.015085
1.5158 0.42399 0.014776
1.6158 0.43018 0.014488
1.7158 0.43641 0.014226
1.8158 0.44267 0.013996
1.9158 0.44896 0.013802
2.0158 0.45528 0.013651
2.1158 0.46163 0.013548
2.2158 0.46802 0.013497
2.3158 0.47443 0.013503
2.4158 0.48086 0.01357
2.5158 0.48733 0.013701
2.6158 0.49383 0.013897
2.7158 0.50035 0.014161
2.8158 0.5069 0.014492
2.9158 0.51348 0.01489
3.0158 0.52008 0.015354
3.1158 0.52671 0.015881
3.2158 0.53337 0.016471
3.3158 0.54005 0.017121
3.4158 0.54676 0.017829
3.5158 0.55349 0.018594
3.6158 0.56026 0.019414
3.7158 0.56704 0.020287
3.8158 0.57386 0.021213
3.9158 0.5807 0.022191
4.0158 0.58756 0.023221
4.1158 0.59446 0.024303
4.2158 0.60137 0.025437
4.3158 0.60832 0.026624
4.4158 0.61524 0.025645
4.5158 0.62206 0.024445
4.6158 0.62876 0.023319
4.7158 0.63536 0.022268
4.8158 0.64185 0.021291
4.9158 0.64824 0.020385
5.0158 0.65452 0.019552
5.1158 0.6607 0.01879
5.2158 0.66677 0.018097
5.3158 0.67273 0.017474
5.4158 0.6786 0.016917
5.5158 0.68436 0.016426
5.6158 0.69001 0.015998
5.7158 0.69557 0.015632
5.8158 0.70102 0.015324
5.9158 0.70638 0.015072
6.0158 0.71163 0.014871
6.1158 0.71679 0.014719
6.2158 0.72185 0.014612
6.3158 0.72681 0.014545
6.4158 0.73167 0.014515
6.5158 0.73644 0.014518
6.6158 0.74112 0.014549
6.7158 0.7457 0.014606
6.8158 0.75019 0.014684
6.9158 0.75459 0.014781
7.0158 0.75889 0.014893
7.1158 0.76311 0.015017
7.2158 0.76723 0.015151
7.3158 0.77127 0.015292
7.4158 0.77523 0.015438
7.5158 0.77909 0.015588
7.6158 0.78288 0.01574
7.7158 0.78657 0.015892
7.8158 0.79019 0.016043
7.9158 0.79372 0.016191
8.0158 0.79718 0.016336
8.1158 0.80055 0.016477
8.2158 0.80385 0.016613
8.3158 0.80707 0.016743
8.4158 0.81021 0.016867
8.5158 0.81327 0.016984
8.6158 0.81627 0.017095
8.7158 0.81919 0.017197
8.8158 0.82203 0.017292
8.9158 0.82481 0.017379
9.0158 0.82752 0.017458
9.1158 0.83015 0.017529
9.2158 0.83272 0.017592
9.3158 0.83523 0.017646
9.4158 0.83767 0.017692
9.5158 0.84004 0.017729
9.6158 0.84235 0.017759
9.7158 0.8446 0.01778
9.8158 0.84679 0.017793
9.9158 0.84891 0.017799
10.016 0.85098 0.017797
10.116 0.85299 0.017787
10.216 0.85494 0.01777
10.316 0.85684 0.017746
10.416 0.85868 0.017716
10.516 0.86046 0.017678
10.616 0.8622 0.017634
10.716 0.86388 0.017584
10.816 0.86551 0.017529
10.916 0.86709 0.017468
11.016 0.86862 0.017401
11.116 0.8701 0.01733
11.216 0.87154 0.017254
11.316 0.87292 0.017173
11.416 0.87427 0.017089
11.516 0.87556 0.017001
11.616 0.87682 0.016909
11.716 0.87803 0.016814
11.816 0.8792 0.016717
11.916 0.88032 0.016617
12.016 0.88141 0.016515
12.116 0.88246 0.016411
12.216 0.88347 0.016305
12.316 0.88444 0.016198
12.416 0.88537 0.016091
12.516 0.88627 0.015982
12.616 0.88713 0.015874
12.716 0.88795 0.015765
12.816 0.88875 0.015656
12.916 0.8895 0.015548
13.016 0.89023 0.015441
13.116 0.89092 0.015335
13.216 0.89159 0.01523
13.316 0.89222 0.015126
13.416 0.89282 0.015024
13.516 0.89339 0.014925
13.616 0.89393 0.014827
13.716 0.89445 0.014732
13.816 0.89494 0.014639
13.916 0.8954 0.014549
14.016 0.89583 0.014462
14.116 0.89624 0.014379
14.216 0.89662 0.014298
14.316 0.89698 0.014221
14.416 0.89732 0.014147
14.516 0.89763 0.014077
14.616 0.89792 0.01401
14.716 0.89818 0.013947
14.816 0.89843 0.013888
14.916 0.89865 0.013832
15.016 0.89885 0.013781
15.116 0.89903 0.013733
15.216 0.89919 0.01369
15.316 0.89933 0.01365
15.416 0.89946 0.013614
15.516 0.89956 0.013581
15.616 0.89965 0.013553
15.716 0.89971 0.013528
15.816 0.89976 0.013507
15.916 0.8998 0.01349
16.016 0.89981 0.013476
16.116 0.89981 0.013465
16.216 0.8998 0.013458
16.316 0.89977 0.013454
16.416 0.89972 0.013453
16.516 0.89966 0.013455
16.616 0.89959 0.01346
16.716 0.8995 0.013468
16.816 0.8994 0.013479
16.916 0.89928 0.013492
17.016 0.89915 0.013507
17.116 0.89901 0.013525
17.216 0.89886 0.013544
17.316 0.89869 0.013566
17.416 0.89852 0.013589
17.516 0.89833 0.013615
17.616 0.89813 0.013641
17.716 0.89791 0.01367
17.816 0.89769 0.013699
17.916 0.89746 0.01373
18.016 0.89722 0.013762
18.116 0.89696 0.013795
18.216 0.8967 0.013829
18.316 0.89643 0.013863
18.416 0.89615 0.013898
18.516 0.89586 0.013934
18.616 0.89556 0.01397
18.716 0.89525 0.014006
18.816 0.89493 0.014043
18.916 0.89461 0.01408
19.016 0.89428 0.014117
19.116 0.89394 0.014153
19.216 0.89359 0.01419
19.316 0.89323 0.014227
19.416 0.89287 0.014263
19.516 0.8925 0.014299
19.616 0.89213 0.014334
19.716 0.89174 0.014369
19.816 0.89135 0.014404
19.916 0.89096 0.014438
