0.064413 0.42206 0.041402
0.16441 0.42529 0.041191
0.26441 0.42856 0.040989
0.36441 0.43188 0.040795
0.46441 0.43526 0.040613
0.56441 0.43869 0.040444
0.66441 0.44217 0.040289
0.76441 0.4457 0.040152
0.86441 0.44928 0.040033
0.96441 0.45291 0.039935
1.0644 0.4566 0.03986
1.1644 0.46033 0.039812
1.2644 0.46412 0.039791
1.3644 0.46796 0.039801
1.4644 0.47185 0.039844
1.5644 0.47579 0.039922
1.6644 0.47978 0.040039
1.7644 0.48382 0.040195
1.8644 0.48792 0.040395
1.9644 0.49206 0.04064
2.0644 0.49625 0.040933
2.1644 0.5005 0.041275
2.2644 0.50479 0.04167
2.3644 0.50914 0.042118
2.4644 0.51353 0.042622
2.5644 0.51798 0.043183
2.6644 0.52247 0.043804
2.7644 0.52702 0.044484
2.8644 0.53161 0.045226
2.9644 0.53625 0.04603
3.0644 0.54095 0.046898
3.1644 0.54569 0.04783
3.2644 0.55048 0.048827
3.3644 0.55532 0.049889
3.4644 0.56021 0.051017
3.5644 0.56515 0.05221
3.6644 0.57014 0.05347
3.7644 0.57518 0.054797
3.8644 0.58026 0.056189
3.9644 0.5854 0.057649
4.0644 0.59058 0.059174
4.1644 0.59581 0.060767
4.2644 0.60108 0.062426
4.3644 0.60641 0.064152
4.4644 0.61178 0.065945
4.5644 0.6172 0.067804
4.6644 0.62266 0.069731
4.7644 0.62818 0.071725
4.8644 0.63373 0.073785
4.9644 0.63934 0.075914
5.0644 0.64499 0.07811
5.1644 0.65069 0.080374
5.2644 0.65643 0.082707
5.3644 0.66222 0.085108
5.4644 0.66805 0.087579
5.5644 0.67393 0.09012
5.6644 0.67985 0.092731
5.7644 0.68582 0.095413
5.8644 0.69183 0.098166
5.9644 0.69789 0.10099
6.0644 0.70398 0.099794
6.1644 0.71006 0.096161
6.2644 0.71613 0.092656
6.3644 0.72219 0.089287
6.4644 0.72825 0.086059
6.5644 0.73428 0.082979
6.6644 0.74031 0.080054
6.7644 0.74633 0.077291
6.8644 0.75233 0.074696
6.9644 0.75832 0.072277
7.0644 0.7643 0.070038
7.1644 0.77026 0.067986
7.2644 0.77621 0.066124
7.3644 0.78214 0.064458
7.4644 0.78806 0.062988
7.5644 0.79397 0.061715
7.6644 0.79986 0.060638
7.7644 0.80573 0.059753
7.8644 0.81159 0.059056
7.9644 0.81742 0.058538
8.0644 0.82324 0.058191
8.1644 0.82905 0.058004
8.2644 0.83483 0.057965
8.3644 0.84059 0.058062
8.4644 0.84634 0.05828
8.5644 0.85206 0.058606
8.6644 0.85776 0.059025
8.7644 0.86344 0.059525
8.8644 0.8691 0.060091
8.9644 0.87474 0.060711
9.0644 0.88035 0.061374
9.1644 0.88594 0.062067
9.2644 0.8915 0.062781
9.3644 0.89704 0.063506
9.4644 0.90255 0.064234
9.5644 0.90803 0.064958
9.6644 0.91349 0.065669
9.7644 0.91892 0.066363
9.8644 0.92431 0.067034
9.9644 0.92968 0.067677
10.064 0.93502 0.068289
10.164 0.94032 0.068866
10.264 0.9456 0.069405
10.364 0.95084 0.069904
10.464 0.95604 0.070362
10.564 0.96122 0.070777
10.664 0.96635 0.071149
10.764 0.97145 0.071477
10.864 0.97651 0.071762
10.964 0.98154 0.072004
11.064 0.98652 0.072204
11.164 0.99146 0.072364
11.264 0.99637 0.072484
11.364 1.0012 0.072569
11.464 1.006 0.072619
11.564 1.0108 0.072638
11.664 1.0155 0.072628
11.764 1.0202 0.072593
11.864 1.0249 0.072537
11.964 1.0295 0.072463
12.064 1.034 0.072375
12.164 1.0385 0.072279
12.264 1.0429 0.072177
12.364 1.0473 0.072075
12.464 1.0517 0.071977
12.564 1.0559 0.071888
12.664 1.0602 0.071813
12.764 1.0643 0.071756
12.864 1.0685 0.071721
12.964 1.0725 0.071714
13.064 1.0765 0.071738
13.164 1.0805 0.071796
13.264 1.0844 0.071893
13.364 1.0882 0.072031
13.464 1.0919 0.072213
13.564 1.0956 0.072441
13.664 1.0993 0.072717
13.764 1.1028 0.073042
13.864 1.1063 0.073416
13.964 1.1098 0.073839
14.064 1.1132 0.074311
14.164 1.1165 0.074831
14.264 1.1197 0.075396
14.364 1.1229 0.076005
14.464 1.126 0.076655
14.564 1.129 0.077343
14.664 1.132 0.078065
14.764 1.1349 0.078818
14.864 1.1377 0.079597
14.964 1.1404 0.080398
15.064 1.1431 0.081217
15.164 1.1457 0.08205
15.264 1.1482 0.082891
15.364 1.1507 0.083736
15.464 1.1531 0.08458
15.564 1.1554 0.085419
15.664 1.1576 0.086248
15.764 1.1598 0.087063
15.864 1.1619 0.08786
15.964 1.1639 0.088635
16.064 1.1658 0.089383
16.164 1.1677 0.090101
16.264 1.1694 0.090786
16.364 1.1711 0.091434
16.464 1.1728 0.092043
16.564 1.1743 0.09261
16.664 1.1758 0.093133
16.764 1.1772 0.09361
16.864 1.1786 0.094038
16.964 1.1798 0.094416
17.064 1.181 0.094743
17.164 1.1821 0.095018
17.264 1.1832 0.095241
17.364 1.1842 0.095409
17.464 1.1851 0.095525
17.564 1.1859 0.095587
17.664 1.1867 0.095596
17.764 1.1873 0.095552
17.864 1.188 0.095456
17.964 1.1885 0.095309
18.064 1.189 0.095113
18.164 1.1894 0.094869
18.264 1.1898 0.094577
18.364 1.19 0.094241
18.464 1.1903 0.093862
18.564 1.1904 0.093443
18.664 1.1905 0.092984
18.764 1.1905 0.09249
18.864 1.1905 0.091962
18.964 1.1904 0.091403
19.064 1.1903 0.090815
19.164 1.1901 0.090203
19.264 1.1898 0.089567
19.364 1.1895 0.088912
19.464 1.1891 0.088241
19.564 1.1886 0.087556
19.664 1.1881 0.08686
19.764 1.1876 0.086157
19.864 1.187 0.085449
19.964 1.1863 0.08474
