0.05462 0.17911 0.042425
0.15462 0.1816 0.042758
0.25462 0.1841 0.043102
0.35462 0.18664 0.043455
0.45462 0.1892 0.043817
0.55462 0.19178 0.044185
0.65462 0.1944 0.044559
0.75462 0.19704 0.044937
0.85462 0.19972 0.045317
0.95462 0.20243 0.045699
1.0546 0.20518 0.04608
1.1546 0.20796 0.046459
1.2546 0.21078 0.046834
1.3546 0.21365 0.047205
1.4546 0.21656 0.047568
1.5546 0.21952 0.047924
1.6546 0.22252 0.048269
1.7546 0.22557 0.048604
1.8546 0.22868 0.048925
1.9546 0.23184 0.049232
2.0546 0.23506 0.049522
2.1546 0.23833 0.049795
2.2546 0.24167 0.050049
2.3546 0.24507 0.050283
2.4546 0.24853 0.050495
2.5546 0.25206 0.050683
2.6546 0.25567 0.050847
2.7546 0.25934 0.050985
2.8546 0.26309 0.051097
2.9546 0.26692 0.051179
3.0546 0.27082 0.051233
3.1546 0.27481 0.051256
3.2546 0.27888 0.051247
3.3546 0.28304 0.051206
3.4546 0.28729 0.051132
3.5546 0.29163 0.051025
3.6546 0.29606 0.050882
3.7546 0.30059 0.050705
3.8546 0.30522 0.050492
3.9546 0.30995 0.050243
4.0546 0.31479 0.049959
4.1546 0.31973 0.04964
4.2546 0.32478 0.049284
4.3546 0.32994 0.048894
4.4546 0.33522 0.04847
4.5546 0.34061 0.048013
4.6546 0.34612 0.047524
4.7546 0.35175 0.047006
4.8546 0.35751 0.046459
4.9546 0.36339 0.045887
5.0546 0.36941 0.045293
5.1546 0.37555 0.044681
5.2546 0.38183 0.044054
5.3546 0.38824 0.043418
5.4546 0.3948 0.042779
5.5546 0.40149 0.042143
5.6546 0.40833 0.041519
5.7546 0.41531 0.040916
5.8546 0.42245 0.040342
5.9546 0.42973 0.03981
6.0546 0.43717 0.039332
6.1546 0.44476 0.038921
6.2546 0.45252 0.038592
6.3546 0.46043 0.038361
6.4546 0.46851 0.038243
6.5546 0.47675 0.038253
6.6546 0.48516 0.038408
6.7546 0.49374 0.038723
6.8546 0.50249 0.039209
6.9546 0.51142 0.039879
7.0546 0.52052 0.040741
7.1546 0.52981 0.041802
7.2546 0.53927 0.043066
7.3546 0.54892 0.044533
7.4546 0.55872 0.044974
7.5546 0.5684 0.044152
7.6546 0.57792 0.043361
7.7546 0.58728 0.042598
7.8546 0.59648 0.041862
7.9546 0.60553 0.041154
8.0546 0.61443 0.040471
8.1546 0.62318 0.039813
8.2546 0.63178 0.039179
8.3546 0.64023 0.038567
8.4546 0.64854 0.037978
8.5546 0.65671 0.03741
8.6546 0.66474 0.036861
8.7546 0.67263 0.036333
8.8546 0.68038 0.035823
8.9546 0.688 0.035331
9.0546 0.69549 0.034855
9.1546 0.70285 0.034397
9.2546 0.71008 0.033954
9.3546 0.71719 0.033526
9.4546 0.72417 0.033112
9.5546 0.73102 0.032712
9.6546 0.73776 0.032325
9.7546 0.74438 0.031951
9.8546 0.75088 0.031589
9.9546 0.75726 0.031238
10.055 0.76353 0.030899
10.155 0.76969 0.03057
10.255 0.77574 0.030251
10.355 0.78168 0.029942
10.455 0.78752 0.029642
10.555 0.79324 0.029352
10.655 0.79887 0.029069
10.755 0.80439 0.028795
10.855 0.80981 0.028529
10.955 0.81513 0.028271
11.055 0.82036 0.02802
11.155 0.82549 0.027776
11.255 0.83052 0.027539
11.355 0.83547 0.027309
11.455 0.84032 0.027084
11.555 0.84508 0.026866
11.655 0.84975 0.026654
11.755 0.85433 0.026448
11.855 0.85883 0.026248
11.955 0.86325 0.026053
12.055 0.86758 0.025863
12.155 0.87183 0.025678
12.255 0.876 0.025499
12.355 0.88009 0.025324
12.455 0.8841 0.025154
12.555 0.88804 0.024989
12.655 0.8919 0.024828
12.755 0.89568 0.024672
12.855 0.8994 0.024521
12.955 0.90304 0.024373
13.055 0.90661 0.02423
13.155 0.91011 0.024091
13.255 0.91354 0.023956
13.355 0.91691 0.023825
13.455 0.92021 0.023698
13.555 0.92345 0.023575
13.655 0.92662 0.023456
13.755 0.92973 0.02334
13.855 0.93277 0.023228
13.955 0.93576 0.02312
14.055 0.93869 0.023015
14.155 0.94155 0.022914
14.255 0.94436 0.022816
14.355 0.94712 0.022722
14.455 0.94981 0.022631
14.555 0.95246 0.022543
14.655 0.95504 0.022459
14.755 0.95758 0.022378
14.855 0.96006 0.0223
14.955 0.96249 0.022225
15.055 0.96488 0.022153
15.155 0.96721 0.022084
15.255 0.96949 0.022018
15.355 0.97173 0.021954
15.455 0.97391 0.021894
15.555 0.97606 0.021836
15.655 0.97815 0.021781
15.755 0.98021 0.021729
15.855 0.98221 0.021679
15.955 0.98418 0.021632
16.055 0.9861 0.021587
16.155 0.98798 0.021544
16.255 0.98982 0.021504
16.355 0.99162 0.021467
16.455 0.99338 0.021431
16.555 0.9951 0.021397
16.655 0.99678 0.021366
16.755 0.99843 0.021337
16.855 1 0.021309
16.955 1.0016 0.021284
17.055 1.0031 0.02126
17.155 1.0046 0.021239
17.255 1.0061 0.021219
17.355 1.0075 0.0212
17.455 1.0089 0.021183
17.555 1.0103 0.021168
17.655 1.0116 0.021155
17.755 1.0129 0.021142
17.855 1.0142 0.021131
17.955 1.0155 0.021122
18.055 1.0167 0.021113
18.155 1.0179 0.021106
18.255 1.019 0.0211
18.355 1.0201 0.021095
18.455 1.0212 0.021092
18.555 1.0223 0.021089
18.655 1.0233 0.021087
18.755 1.0244 0.021086
18.855 1.0254 0.021085
18.955 1.0263 0.021086
19.055 1.0273 0.021087
19.155 1.0282 0.021089
19.255 1.0291 0.021092
19.355 1.0299 0.021095
19.455 1.0308 0.021099
19.555 1.0316 0.021103
19.655 1.0324 0.021108
19.755 1.0332 0.021113
19.855 1.0339 0.021118
19.955 1.0347 0.021124
