0.045491 0.22178 0.04354
0.14549 0.22494 0.042774
0.24549 0.22813 0.042007
0.34549 0.23136 0.041241
0.44549 0.23462 0.040477
0.54549 0.23792 0.039719
0.64549 0.24125 0.038967
0.74549 0.24461 0.038225
0.84549 0.248 0.037495
0.94549 0.25142 0.036779
1.0455 0.25488 0.03608
1.1455 0.25836 0.035399
1.2455 0.26188 0.03474
1.3455 0.26542 0.034104
1.4455 0.26899 0.033494
1.5455 0.27259 0.032911
1.6455 0.27622 0.032359
1.7455 0.27987 0.031838
1.8455 0.28355 0.031352
1.9455 0.28725 0.0309
2.0455 0.29098 0.030485
2.1455 0.29473 0.030109
2.2455 0.29851 0.029771
2.3455 0.30231 0.029472
2.4455 0.30613 0.029213
2.5455 0.30997 0.028994
2.6455 0.31384 0.028813
2.7455 0.31772 0.028671
2.8455 0.32163 0.028566
2.9455 0.32555 0.028497
3.0455 0.3295 0.028461
3.1455 0.33346 0.028458
3.2455 0.33744 0.028484
3.3455 0.34143 0.028537
3.4455 0.34544 0.028614
3.5455 0.34947 0.028713
3.6455 0.35352 0.02883
3.7455 0.35757 0.028962
3.8455 0.36164 0.029107
3.9455 0.36573 0.029261
4.0455 0.36983 0.029421
4.1455 0.37394 0.029584
4.2455 0.37806 0.029747
4.3455 0.38219 0.029907
4.4455 0.38634 0.030061
4.5455 0.39049 0.030207
4.6455 0.39465 0.030341
4.7455 0.39882 0.030461
4.8455 0.403 0.030565
4.9455 0.40719 0.03065
5.0455 0.41138 0.030713
5.1455 0.41558 0.030754
5.2455 0.41979 0.030769
5.3455 0.424 0.030757
5.4455 0.42821 0.030716
5.5455 0.43243 0.030644
5.6455 0.43665 0.03054
5.7455 0.44088 0.030402
5.8455 0.44511 0.030229
5.9455 0.44934 0.030021
6.0455 0.45357 0.029775
6.1455 0.4578 0.029496
6.2455 0.46203 0.029211
6.3455 0.46626 0.028929
6.4455 0.47049 0.028649
6.5455 0.47472 0.028371
6.6455 0.47895 0.028096
6.7455 0.48318 0.027823
6.8455 0.48741 0.027552
6.9455 0.49164 0.027284
7.0455 0.49587 0.027018
7.1455 0.5001 0.026755
7.2455 0.50433 0.026495
7.3455 0.50856 0.026238
7.4455 0.51279 0.025984
7.5455 0.51702 0.025733
7.6455 0.52125 0.025484
7.7455 0.52548 0.025239
7.8455 0.52971 0.024998
7.9455 0.53394 0.024759
8.0455 0.53817 0.024525
8.1455 0.5424 0.024293
8.2455 0.54663 0.024066
8.3455 0.55086 0.023842
8.4455 0.55509 0.023622
8.5455 0.55932 0.023406
8.6455 0.56355 0.023195
8.7455 0.56778 0.022987
8.8455 0.57201 0.022784
8.9455 0.57624 0.022585
9.0455 0.58047 0.022391
9.1455 0.5847 0.022202
9.2455 0.58893 0.022017
9.3455 0.59316 0.021838
9.4455 0.59739 0.021663
9.5455 0.60162 0.021494
9.6455 0.60585 0.02133
9.7455 0.61008 0.021171
9.8455 0.61431 0.021019
9.9455 0.61854 0.020871
10.045 0.62277 0.02073
10.145 0.627 0.020594
10.245 0.63123 0.020465
10.345 0.63546 0.020342
10.445 0.63969 0.020225
10.545 0.64392 0.020114
10.645 0.64815 0.02001
10.745 0.65238 0.019912
10.845 0.65661 0.019822
10.945 0.66084 0.019738
11.045 0.66507 0.019661
11.145 0.6693 0.01959
11.245 0.67353 0.019527
11.345 0.67776 0.019471
11.445 0.68199 0.019422
11.545 0.68622 0.019381
11.645 0.69045 0.019346
11.745 0.69468 0.019319
11.845 0.69891 0.019299
11.945 0.70314 0.019287
12.045 0.70737 0.019282
12.145 0.7116 0.019284
12.245 0.71583 0.019294
12.345 0.72006 0.019311
12.445 0.72429 0.019336
12.545 0.72852 0.019367
12.645 0.73275 0.019406
12.745 0.73698 0.019453
12.845 0.74121 0.019506
12.945 0.74544 0.019567
13.045 0.74967 0.019634
13.145 0.7539 0.019709
13.245 0.75813 0.01979
13.345 0.76236 0.019879
13.445 0.76659 0.019974
13.545 0.77082 0.020076
13.645 0.77505 0.020184
13.745 0.77928 0.020298
13.845 0.78351 0.020419
13.945 0.78774 0.020547
14.045 0.79197 0.02068
14.145 0.7962 0.020819
14.245 0.80043 0.020964
14.345 0.80466 0.021115
14.445 0.80889 0.021272
14.545 0.81312 0.021434
14.645 0.81735 0.021601
14.745 0.82158 0.021774
14.845 0.82581 0.021952
14.945 0.83004 0.022134
15.045 0.83427 0.022322
15.145 0.8385 0.022514
15.245 0.84273 0.022711
15.345 0.84697 0.022913
15.445 0.8512 0.023119
15.545 0.85543 0.023329
15.645 0.85966 0.023543
15.745 0.86389 0.023762
15.845 0.86812 0.023984
15.945 0.87235 0.02421
16.045 0.87658 0.02444
16.145 0.88081 0.024674
16.245 0.88504 0.024911
16.345 0.88927 0.025151
16.445 0.8935 0.025395
16.545 0.89773 0.025642
16.645 0.90196 0.025892
16.745 0.90619 0.026146
16.845 0.91042 0.026402
16.945 0.91465 0.026661
17.045 0.91888 0.026923
17.145 0.92311 0.027187
17.245 0.92734 0.027454
17.345 0.93157 0.027724
17.445 0.9358 0.027996
17.545 0.94003 0.028271
17.645 0.94426 0.028548
17.745 0.94849 0.028827
17.845 0.95272 0.029109
17.945 0.95695 0.029392
18.045 0.96118 0.029678
18.145 0.96541 0.029966
18.245 0.96964 0.030255
18.345 0.97387 0.030547
18.445 0.9781 0.03084
18.545 0.98233 0.031136
18.645 0.98656 0.031433
18.745 0.99079 0.031731
18.845 0.99502 0.032032
18.945 0.99925 0.032334
19.045 1.0035 0.032637
19.145 1.0077 0.032942
19.245 1.0119 0.033249
19.345 1.0162 0.033557
19.445 1.0204 0.033866
19.545 1.0246 0.034177
19.645 1.0289 0.034489
