0.015832 -0.089322 0.020576
0.11583 -0.088952 0.020346
0.21583 -0.088615 0.02012
0.31583 -0.088308 0.019901
0.41583 -0.08803 0.01969
0.51583 -0.08778 0.019488
0.61583 -0.087554 0.019299
0.71583 -0.087353 0.019123
0.81583 -0.087174 0.018963
0.91583 -0.087015 0.01882
1.0158 -0.086874 0.018695
1.1158 -0.086749 0.018591
1.2158 -0.086638 0.018507
1.3158 -0.086539 0.018445
1.4158 -0.086451 0.018406
1.5158 -0.08637 0.01839
1.6158 -0.086295 0.018396
1.7158 -0.086224 0.018426
1.8158 -0.086154 0.018477
1.9158 -0.086083 0.018549
2.0158 -0.086008 0.018642
2.1158 -0.085929 0.018753
2.2158 -0.085841 0.018881
2.3158 -0.085743 0.019024
2.4158 -0.085633 0.019181
2.5158 -0.085508 0.019348
2.6158 -0.085366 0.019525
2.7158 -0.085203 0.019708
2.8158 -0.085019 0.019895
2.9158 -0.084811 0.020084
3.0158 -0.084575 0.020273
3.1158 -0.08431 0.020458
3.2158 -0.084013 0.020639
3.3158 -0.083683 0.020812
3.4158 -0.083315 0.020975
3.5158 -0.082909 0.021127
3.6158 -0.082461 0.021265
3.7158 -0.08197 0.021388
3.8158 -0.081432 0.021494
3.9158 -0.080845 0.021581
4.0158 -0.080208 0.021648
4.1158 -0.079517 0.021694
4.2158 -0.078771 0.021718
4.3158 -0.077966 0.02172
4.4158 -0.077102 0.021698
4.5158 -0.076174 0.021653
4.6158 -0.075182 0.021584
4.7158 -0.074122 0.021492
4.8158 -0.072993 0.021379
4.9158 -0.071793 0.021244
5.0158 -0.070518 0.021092
5.1158 -0.069167 0.020922
5.2158 -0.067738 0.02074
5.3158 -0.066229 0.020548
5.4158 -0.064637 0.020352
5.5158 -0.062961 0.020157
5.6158 -0.061198 0.01997
5.7158 -0.059346 0.019799
5.8158 -0.057403 0.019653
5.9158 -0.055368 0.019542
6.0158 -0.053237 0.019477
6.1158 -0.051011 0.019471
6.2158 -0.048685 0.019536
6.3158 -0.046259 0.019685
6.4158 -0.043731 0.019931
6.5158 -0.041099 0.020285
6.6158 -0.038361 0.020759
6.7158 -0.035515 0.021362
6.8158 -0.032559 0.0221
6.9158 -0.029492 0.022978
7.0158 -0.026316 0.023688
7.1158 -0.023153 0.023119
7.2158 -0.020065 0.022575
7.3158 -0.017049 0.022054
7.4158 -0.014105 0.021556
7.5158 -0.011231 0.021079
7.6158 -0.0084252 0.020623
7.7158 -0.0056862 0.020188
7.8158 -0.0030125 0.019773
7.9158 -0.00040271 0.019376
8.0158 0.0021446 0.018998
8.1158 0.0046309 0.018638
8.2158 0.0070575 0.018295
8.3158 0.0094258 0.017969
8.4158 0.011737 0.017659
8.5158 0.013993 0.017365
8.6158 0.016194 0.017086
8.7158 0.018342 0.016821
8.8158 0.020438 0.016571
8.9158 0.022483 0.016333
9.0158 0.024478 0.016109
9.1158 0.026425 0.015898
9.2158 0.028325 0.015699
9.3158 0.030179 0.015511
9.4158 0.031987 0.015335
9.5158 0.033751 0.015169
9.6158 0.035473 0.015014
9.7158 0.037152 0.014869
9.8158 0.03879 0.014733
9.9158 0.040388 0.014607
10.016 0.041947 0.014489
10.116 0.043468 0.01438
10.216 0.044952 0.014279
10.316 0.046399 0.014185
10.416 0.04781 0.014099
10.516 0.049187 0.014019
10.616 0.050531 0.013947
10.716 0.051841 0.01388
10.816 0.053119 0.013819
10.916 0.054365 0.013764
11.016 0.055581 0.013715
11.116 0.056767 0.01367
11.216 0.057924 0.01363
11.316 0.059052 0.013594
11.416 0.060153 0.013563
11.516 0.061226 0.013536
11.616 0.062273 0.013512
11.716 0.063295 0.013492
11.816 0.064291 0.013474
11.916 0.065262 0.01346
12.016 0.06621 0.013449
12.116 0.067134 0.01344
12.216 0.068035 0.013434
12.316 0.068914 0.013429
12.416 0.069772 0.013427
12.516 0.070609 0.013427
12.616 0.071424 0.013428
12.716 0.07222 0.01343
12.816 0.072996 0.013434
12.916 0.073753 0.013439
13.016 0.074492 0.013446
13.116 0.075212 0.013453
13.216 0.075915 0.013461
13.316 0.0766 0.013469
13.416 0.077269 0.013479
13.516 0.077921 0.013488
13.616 0.078557 0.013498
13.716 0.079178 0.013509
13.816 0.079783 0.013519
13.916 0.080374 0.01353
14.016 0.08095 0.013541
14.116 0.081512 0.013552
14.216 0.08206 0.013562
14.316 0.082595 0.013573
14.416 0.083117 0.013583
14.516 0.083626 0.013593
14.616 0.084123 0.013603
14.716 0.084608 0.013612
14.816 0.085081 0.013621
14.916 0.085542 0.013629
15.016 0.085992 0.013637
15.116 0.086432 0.013644
15.216 0.086861 0.013651
15.316 0.087279 0.013657
15.416 0.087687 0.013663
15.516 0.088086 0.013668
15.616 0.088475 0.013672
15.716 0.088854 0.013676
15.816 0.089225 0.013679
15.916 0.089587 0.013681
16.016 0.08994 0.013682
16.116 0.090284 0.013683
16.216 0.090621 0.013683
16.316 0.090949 0.013682
16.416 0.09127 0.013681
16.516 0.091583 0.013678
16.616 0.091888 0.013675
16.716 0.092187 0.013672
16.816 0.092478 0.013667
16.916 0.092762 0.013662
17.016 0.09304 0.013655
17.116 0.093312 0.013649
17.216 0.093577 0.013641
17.316 0.093836 0.013632
17.416 0.094088 0.013623
17.516 0.094335 0.013613
17.616 0.094577 0.013603
17.716 0.094812 0.013591
17.816 0.095043 0.013579
17.916 0.095268 0.013567
18.016 0.095488 0.013553
18.116 0.095703 0.013539
18.216 0.095913 0.013524
18.316 0.096118 0.013509
18.416 0.096318 0.013493
18.516 0.096515 0.013476
18.616 0.096706 0.013459
18.716 0.096894 0.013441
18.816 0.097077 0.013423
18.916 0.097256 0.013404
19.016 0.097431 0.013384
19.116 0.097603 0.013364
19.216 0.09777 0.013344
19.316 0.097934 0.013323
19.416 0.098094 0.013301
19.516 0.098251 0.013279
19.616 0.098405 0.013257
19.716 0.098555 0.013234
19.816 0.098702 0.013211
19.916 0.098846 0.013187
