0.0038772 -0.15635 0.1
0.10388 -0.1555 0.1
0.20388 -0.15464 0.1
0.30388 -0.15375 0.1
0.40388 -0.15285 0.1
0.50388 -0.15192 0.1
0.60388 -0.15097 0.1
0.70388 -0.15 0.1
0.80388 -0.14901 0.1
0.90388 -0.148 0.1
1.0039 -0.14696 0.1
1.1039 -0.14591 0.1
1.2039 -0.14483 0.1
1.3039 -0.14373 0.1
1.4039 -0.14261 0.1
1.5039 -0.14147 0.1
1.6039 -0.14031 0.1
1.7039 -0.13912 0.1
1.8039 -0.13792 0.1
1.9039 -0.13669 0.1
2.0039 -0.13544 0.1
2.1039 -0.13417 0.1
2.2039 -0.13287 0.1
2.3039 -0.13155 0.1
2.4039 -0.13022 0.1
2.5039 -0.12886 0.1
2.6039 -0.12747 0.1
2.7039 -0.12607 0.1
2.8039 -0.12464 0.1
2.9039 -0.12319 0.1
3.0039 -0.12172 0.1
3.1039 -0.12023 0.1
3.2039 -0.11871 0.1
3.3039 -0.11717 0.1
3.4039 -0.11561 0.1
3.5039 -0.11402 0.1
3.6039 -0.11242 0.1
3.7039 -0.11079 0.1
3.8039 -0.10913 0.1
3.9039 -0.10746 0.1
4.0039 -0.10576 0.1
4.1039 -0.10404 0.1
4.2039 -0.10229 0.1
4.3039 -0.10053 0.1
4.4039 -0.098736 0.1
4.5039 -0.096922 0.1
4.6039 -0.095085 0.1
4.7039 -0.093225 0.1
4.8039 -0.091342 0.1
4.9039 -0.089435 0.1
5.0039 -0.087505 0.1
5.1039 -0.085555 0.1
5.2039 -0.08361 0.1
5.3039 -0.081676 0.1
5.4039 -0.079752 0.1
5.5039 -0.077838 0.1
5.6039 -0.075935 0.1
5.7039 -0.074041 0.1
5.8039 -0.072158 0.1
5.9039 -0.070285 0.1
6.0039 -0.068422 0.1
6.1039 -0.066569 0.1
6.2039 -0.064726 0.1
6.3039 -0.062892 0.1
6.4039 -0.061069 0.1
6.5039 -0.059255 0.1
6.6039 -0.057452 0.1
6.7039 -0.055657 0.1
6.8039 -0.053873 0.1
6.9039 -0.052098 0.1
7.0039 -0.050333 0.1
7.1039 -0.048577 0.1
7.2039 -0.046831 0.1
7.3039 -0.045094 0.1
7.4039 -0.043367 0.1
7.5039 -0.041649 0.1
7.6039 -0.03994 0.1
7.7039 -0.038241 0.1
7.8039 -0.036551 0.1
7.9039 -0.03487 0.1
8.0039 -0.033198 0.1
8.1039 -0.031535 0.1
8.2039 -0.029881 0.1
8.3039 -0.028236 0.1
8.4039 -0.026601 0.1
8.5039 -0.024974 0.1
8.6039 -0.023356 0.1
8.7039 -0.021747 0.1
8.8039 -0.020147 0.1
8.9039 -0.018555 0.1
9.0039 -0.016972 0.1
9.1039 -0.015398 0.1
9.2039 -0.013833 0.1
9.3039 -0.012276 0.1
9.4039 -0.010728 0.1
9.5039 -0.009188 0.1
9.6039 -0.0076566 0.1
9.7039 -0.0061338 0.1
9.8039 -0.0046193 0.1
9.9039 -0.0031131 0.1
10.004 -0.0016153 0.1
10.104 -0.00012572 0.1
10.204 0.0013556 0.1
10.304 0.0028287 0.1
10.404 0.0042937 0.1
10.504 0.0057506 0.1
10.604 0.0071994 0.1
10.704 0.0086401 0.1
10.804 0.010073 0.1
10.904 0.011498 0.1
11.004 0.012915 0.1
11.104 0.014324 0.1
11.204 0.015725 0.1
11.304 0.017118 0.1
11.404 0.018504 0.1
11.504 0.019882 0.1
11.604 0.021252 0.1
11.704 0.022614 0.1
11.804 0.023969 0.1
11.904 0.025316 0.1
12.004 0.026656 0.1
12.104 0.027988 0.1
12.204 0.029313 0.1
12.304 0.030631 0.1
12.404 0.03194 0.1
12.504 0.033243 0.1
12.604 0.034538 0.1
12.704 0.035826 0.1
12.804 0.037107 0.1
12.904 0.038381 0.1
13.004 0.039647 0.1
13.104 0.040906 0.1
13.204 0.042158 0.1
13.304 0.043403 0.1
13.404 0.044641 0.1
13.504 0.045872 0.1
13.604 0.047096 0.1
13.704 0.048313 0.1
13.804 0.049523 0.1
13.904 0.050727 0.1
14.004 0.051923 0.1
14.104 0.053113 0.1
14.204 0.054295 0.1
14.304 0.055472 0.1
14.404 0.056641 0.1
14.504 0.057804 0.1
14.604 0.05896 0.1
14.704 0.060109 0.1
14.804 0.061252 0.1
14.904 0.062389 0.1
15.004 0.063519 0.1
15.104 0.064642 0.1
15.204 0.065759 0.1
15.304 0.06687 0.1
15.404 0.067974 0.1
15.504 0.069072 0.1
15.604 0.070164 0.1
15.704 0.071249 0.1
15.804 0.072328 0.1
15.904 0.073401 0.1
16.004 0.074468 0.1
16.104 0.075528 0.1
16.204 0.076583 0.1
16.304 0.077631 0.1
16.404 0.078673 0.1
16.504 0.079709 0.1
16.604 0.08074 0.1
16.704 0.081764 0.1
16.804 0.082782 0.1
16.904 0.083795 0.1
17.004 0.084801 0.1
17.104 0.085802 0.1
17.204 0.086797 0.1
17.304 0.087786 0.1
17.404 0.088769 0.1
17.504 0.089747 0.1
17.604 0.090719 0.1
17.704 0.091685 0.1
17.804 0.092646 0.1
17.904 0.093601 0.1
18.004 0.09455 0.1
18.104 0.095494 0.1
18.204 0.096432 0.1
18.304 0.097365 0.1
18.404 0.098292 0.1
18.504 0.099214 0.1
18.604 0.10013 0.1
18.704 0.10104 0.1
18.804 0.10195 0.1
18.904 0.10285 0.1
19.004 0.10374 0.1
19.104 0.10463 0.1
19.204 0.10552 0.1
19.304 0.1064 0.1
19.404 0.10727 0.1
19.504 0.10814 0.1
19.604 0.109 0.1
19.704 0.10986 0.1
19.804 0.11072 0.1
19.904 0.11156 0.1
