0.064413 0.29656 0.027623
0.16441 0.29883 0.027467
0.26441 0.30115 0.027319
0.36441 0.30351 0.027181
0.46441 0.30592 0.027054
0.56441 0.30837 0.026939
0.66441 0.31086 0.02684
0.76441 0.3134 0.026756
0.86441 0.31599 0.026691
0.96441 0.31862 0.026647
1.0644 0.32129 0.026624
1.1644 0.32401 0.026626
1.2644 0.32677 0.026654
1.3644 0.32958 0.02671
1.4644 0.33243 0.026797
1.5644 0.33533 0.026916
1.6644 0.33827 0.02707
1.7644 0.34125 0.027259
1.8644 0.34428 0.027487
1.9644 0.34735 0.027754
2.0644 0.35046 0.028062
2.1644 0.35362 0.028413
2.2644 0.35682 0.028807
2.3644 0.36006 0.029247
2.4644 0.36335 0.029731
2.5644 0.36668 0.030262
2.6644 0.37005 0.03084
2.7644 0.37347 0.031466
2.8644 0.37693 0.032139
2.9644 0.38042 0.032859
3.0644 0.38397 0.033628
3.1644 0.38755 0.034444
3.2644 0.39118 0.035308
3.3644 0.39484 0.036218
3.4644 0.39855 0.037176
3.5644 0.4023 0.038181
3.6644 0.40609 0.039232
3.7644 0.40993 0.040328
3.8644 0.4138 0.041471
3.9644 0.41772 0.042658
4.0644 0.42167 0.043889
4.1644 0.42567 0.045165
4.2644 0.4297 0.046484
4.3644 0.43378 0.047847
4.4644 0.4379 0.049252
4.5644 0.44205 0.0507
4.6644 0.44625 0.05219
4.7644 0.45048 0.053722
4.8644 0.45476 0.055295
4.9644 0.45907 0.056883
5.0644 0.4634 0.055117
5.1644 0.46771 0.053422
5.2644 0.47202 0.051802
5.3644 0.47631 0.050257
5.4644 0.48059 0.04879
5.5644 0.48485 0.047402
5.6644 0.48911 0.046095
5.7644 0.49335 0.04487
5.8644 0.49758 0.043729
5.9644 0.50179 0.042672
6.0644 0.50599 0.041701
6.1644 0.51018 0.040815
6.2644 0.51435 0.040015
6.3644 0.51851 0.0393
6.4644 0.52265 0.038668
6.5644 0.52678 0.038119
6.6644 0.5309 0.03765
6.7644 0.535 0.037258
6.8644 0.53909 0.036941
6.9644 0.54315 0.036696
7.0644 0.54721 0.036517
7.1644 0.55125 0.036401
7.2644 0.55527 0.036345
7.3644 0.55927 0.036342
7.4644 0.56326 0.036388
7.5644 0.56723 0.036479
7.6644 0.57119 0.03661
7.7644 0.57512 0.036776
7.8644 0.57904 0.036973
7.9644 0.58294 0.037196
8.0644 0.58683 0.037442
8.1644 0.59069 0.037706
8.2644 0.59453 0.037984
8.3644 0.59836 0.038274
8.4644 0.60217 0.038572
8.5644 0.60596 0.038876
8.6644 0.60972 0.039181
8.7644 0.61347 0.039487
8.8644 0.6172 0.039791
8.9644 0.6209 0.04009
9.0644 0.62459 0.040384
9.1644 0.62825 0.04067
9.2644 0.6319 0.040947
9.3644 0.63552 0.041214
9.4644 0.63912 0.04147
9.5644 0.64269 0.041713
9.6644 0.64625 0.041943
9.7644 0.64978 0.04216
9.8644 0.65328 0.042363
9.9644 0.65677 0.042552
10.064 0.66023 0.042725
10.164 0.66366 0.042884
10.264 0.66707 0.043028
10.364 0.67046 0.043157
10.464 0.67382 0.043271
10.564 0.67715 0.043371
10.664 0.68046 0.043456
10.764 0.68375 0.043527
10.864 0.68701 0.043585
10.964 0.69024 0.04363
11.064 0.69344 0.043663
11.164 0.69662 0.043684
11.264 0.69976 0.043693
11.364 0.70288 0.043693
11.464 0.70598 0.043683
11.564 0.70904 0.043665
11.664 0.71208 0.043638
11.764 0.71508 0.043605
11.864 0.71806 0.043567
11.964 0.721 0.043523
12.064 0.72392 0.043476
12.164 0.72681 0.043426
12.264 0.72966 0.043374
12.364 0.73248 0.043323
12.464 0.73528 0.043271
12.564 0.73804 0.043222
12.664 0.74077 0.043175
12.764 0.74346 0.043133
12.864 0.74613 0.043096
12.964 0.74876 0.043064
13.064 0.75135 0.043041
13.164 0.75392 0.043025
13.264 0.75645 0.043019
13.364 0.75894 0.043022
13.464 0.7614 0.043037
13.564 0.76383 0.043064
13.664 0.76622 0.043104
13.764 0.76858 0.043157
13.864 0.7709 0.043223
13.964 0.77318 0.043305
14.064 0.77543 0.043401
14.164 0.77764 0.043513
14.264 0.77981 0.04364
14.364 0.78195 0.043782
14.464 0.78405 0.043941
14.564 0.78611 0.044116
14.664 0.78814 0.044306
14.764 0.79013 0.044511
14.864 0.79207 0.044732
14.964 0.79398 0.044968
15.064 0.79585 0.045218
15.164 0.79769 0.045482
15.264 0.79948 0.045759
15.364 0.80123 0.046049
15.464 0.80294 0.046351
15.564 0.80462 0.046663
15.664 0.80625 0.046986
15.764 0.80784 0.047318
15.864 0.80939 0.047659
15.964 0.8109 0.048007
16.064 0.81237 0.048361
16.164 0.8138 0.048721
16.264 0.81519 0.049085
16.364 0.81653 0.049453
16.464 0.81783 0.049823
16.564 0.81909 0.050194
16.664 0.82031 0.050565
16.764 0.82149 0.050935
16.864 0.82262 0.051303
16.964 0.82372 0.051669
17.064 0.82477 0.05203
17.164 0.82577 0.052387
17.264 0.82673 0.052738
17.364 0.82766 0.053082
17.464 0.82853 0.053418
17.564 0.82937 0.053745
17.664 0.83016 0.054064
17.764 0.8309 0.054372
17.864 0.83161 0.054669
17.964 0.83227 0.054954
18.064 0.83288 0.055227
18.164 0.83346 0.055487
18.264 0.83399 0.055733
18.364 0.83447 0.055965
18.464 0.83491 0.056182
18.564 0.83531 0.056383
18.664 0.83567 0.056569
18.764 0.83598 0.056739
18.864 0.83624 0.056892
18.964 0.83647 0.057029
19.064 0.83664 0.057148
19.164 0.83678 0.05725
19.264 0.83687 0.057335
19.364 0.83692 0.057401
19.464 0.83692 0.05745
19.564 0.83688 0.057482
19.664 0.8368 0.057495
19.764 0.83668 0.057491
19.864 0.83651 0.057469
19.964 0.83629 0.057429
