0.045491 0.081121 0.021815
0.14549 0.083019 0.02176
0.24549 0.08492 0.02171
0.34549 0.086826 0.021665
0.44549 0.088734 0.021623
0.54549 0.090647 0.021585
0.64549 0.092563 0.021551
0.74549 0.094483 0.02152
0.84549 0.096407 0.021493
0.94549 0.098334 0.02147
1.0455 0.10027 0.021449
1.1455 0.1022 0.021432
1.2455 0.10414 0.021417
1.3455 0.10608 0.021405
1.4455 0.10803 0.021395
1.5455 0.10998 0.021388
1.6455 0.11193 0.021384
1.7455 0.11389 0.021381
1.8455 0.11585 0.02138
1.9455 0.11781 0.021381
2.0455 0.11978 0.021384
2.1455 0.12175 0.021389
2.2455 0.12373 0.021394
2.3455 0.1257 0.021402
2.4455 0.12769 0.02141
2.5455 0.12967 0.021419
2.6455 0.13166 0.02143
2.7455 0.13366 0.021441
2.8455 0.13566 0.021453
2.9455 0.13766 0.021465
3.0455 0.13966 0.021478
3.1455 0.14167 0.021491
3.2455 0.14368 0.021505
3.3455 0.1457 0.021518
3.4455 0.14772 0.021532
3.5455 0.14974 0.021546
3.6455 0.15177 0.021559
3.7455 0.1538 0.021573
3.8455 0.15583 0.021586
3.9455 0.15787 0.021599
4.0455 0.15991 0.021611
4.1455 0.16196 0.021623
4.2455 0.16401 0.021634
4.3455 0.16606 0.021644
4.4455 0.16812 0.021654
4.5455 0.17018 0.021663
4.6455 0.17224 0.021671
4.7455 0.17431 0.021678
4.8455 0.17638 0.021685
4.9455 0.17846 0.02169
5.0455 0.18054 0.021694
5.1455 0.18262 0.021697
5.2455 0.1847 0.021698
5.3455 0.18679 0.021699
5.4455 0.18889 0.021698
5.5455 0.19099 0.021696
5.6455 0.19309 0.021692
5.7455 0.19519 0.021688
5.8455 0.1973 0.021681
5.9455 0.19941 0.021674
6.0455 0.20153 0.021664
6.1455 0.20365 0.021654
6.2455 0.20577 0.021642
6.3455 0.2079 0.021628
6.4455 0.21003 0.021612
6.5455 0.21216 0.021596
6.6455 0.2143 0.021577
6.7455 0.21644 0.021557
6.8455 0.21859 0.021535
6.9455 0.22074 0.021512
7.0455 0.22289 0.021487
7.1455 0.22504 0.021461
7.2455 0.22721 0.021433
7.3455 0.22937 0.021403
7.4455 0.23154 0.021372
7.5455 0.23371 0.021339
7.6455 0.23588 0.021304
7.7455 0.23806 0.021268
7.8455 0.24024 0.02123
7.9455 0.24243 0.021191
8.0455 0.24462 0.021151
8.1455 0.24681 0.021108
8.2455 0.24901 0.021065
8.3455 0.25121 0.02102
8.4455 0.25341 0.020973
8.5455 0.25562 0.020925
8.6455 0.25783 0.020876
8.7455 0.26005 0.020826
8.8455 0.26227 0.020774
8.9455 0.26449 0.020721
9.0455 0.26672 0.020667
9.1455 0.26895 0.020612
9.2455 0.27118 0.020556
9.3455 0.27342 0.020499
9.4455 0.27566 0.020441
9.5455 0.27791 0.020382
9.6455 0.28016 0.020322
9.7455 0.28241 0.020262
9.8455 0.28466 0.020201
9.9455 0.28692 0.020139
10.045 0.28919 0.020077
10.145 0.29146 0.020014
10.245 0.29373 0.019952
10.345 0.296 0.019889
10.445 0.29828 0.019826
10.545 0.30056 0.019763
10.645 0.30285 0.0197
10.745 0.30514 0.019638
10.845 0.30743 0.019576
10.945 0.30973 0.019514
11.045 0.31203 0.019453
11.145 0.31433 0.019393
11.245 0.31664 0.019333
11.345 0.31895 0.019275
11.445 0.32127 0.019218
11.545 0.32358 0.019162
11.645 0.32591 0.019107
11.745 0.32823 0.019055
11.845 0.33056 0.019004
11.945 0.3329 0.018955
12.045 0.33523 0.018908
12.145 0.33758 0.018864
12.245 0.33992 0.018822
12.345 0.34227 0.018783
12.445 0.34462 0.018746
12.545 0.34698 0.018713
12.645 0.34934 0.018683
12.745 0.3517 0.018657
12.845 0.35407 0.018634
12.945 0.35644 0.018615
13.045 0.35881 0.0186
13.145 0.36119 0.01859
13.245 0.36357 0.018584
13.345 0.36596 0.018582
13.445 0.36835 0.018586
13.545 0.37074 0.018595
13.645 0.37314 0.018609
13.745 0.37554 0.018628
13.845 0.37794 0.018654
13.945 0.38035 0.018685
14.045 0.38276 0.018722
14.145 0.38517 0.018766
14.245 0.38759 0.018816
14.345 0.39002 0.018873
14.445 0.39244 0.018937
14.545 0.39487 0.019007
14.645 0.39731 0.019085
14.745 0.39974 0.01917
14.845 0.40218 0.019263
14.945 0.40463 0.019363
15.045 0.40708 0.019471
15.145 0.40953 0.019587
15.245 0.41198 0.019711
15.345 0.41444 0.019843
15.445 0.41691 0.019983
15.545 0.41937 0.020131
15.645 0.42184 0.020287
15.745 0.42432 0.020452
15.845 0.4268 0.020626
15.945 0.42928 0.020807
16.045 0.43176 0.020998
16.145 0.43425 0.021197
16.245 0.43674 0.021404
16.345 0.43924 0.02162
16.445 0.44174 0.021844
16.545 0.44424 0.022077
16.645 0.44675 0.022319
16.745 0.44926 0.022569
16.845 0.45178 0.022828
16.945 0.4543 0.023095
17.045 0.45682 0.02337
17.145 0.45934 0.023654
17.245 0.46187 0.023946
17.345 0.46441 0.024247
17.445 0.46694 0.024555
17.545 0.46948 0.024872
17.645 0.47203 0.025197
17.745 0.47458 0.025531
17.845 0.47713 0.025872
17.945 0.47968 0.026221
18.045 0.48224 0.026578
18.145 0.48481 0.026943
18.245 0.48737 0.027315
18.345 0.48994 0.027695
18.445 0.49252 0.028083
18.545 0.49509 0.028478
18.645 0.49768 0.028881
18.745 0.50026 0.029291
18.845 0.50285 0.029709
18.945 0.50544 0.030133
19.045 0.50804 0.030565
19.145 0.51064 0.031004
19.245 0.51324 0.03145
19.345 0.51585 0.031903
19.445 0.51846 0.032363
19.545 0.52107 0.03283
19.645 0.52369 0.033303
