0.05462 0.095877 0.023522
0.15462 0.09955 0.023636
0.25462 0.10327 0.023744
0.35462 0.10703 0.023844
0.45462 0.11084 0.023936
0.55462 0.11469 0.024019
0.65462 0.11859 0.024094
0.75462 0.12253 0.024159
0.85462 0.12652 0.024216
0.95462 0.13055 0.024263
1.0546 0.13463 0.0243
1.1546 0.13875 0.024327
1.2546 0.14292 0.024345
1.3546 0.14714 0.024353
1.4546 0.1514 0.02435
1.5546 0.15571 0.024338
1.6546 0.16006 0.024315
1.7546 0.16447 0.024283
1.8546 0.16891 0.024241
1.9546 0.17341 0.02419
2.0546 0.17795 0.024129
2.1546 0.18254 0.024059
2.2546 0.18718 0.023982
2.3546 0.19186 0.023896
2.4546 0.19659 0.023803
2.5546 0.20137 0.023704
2.6546 0.2062 0.023599
2.7546 0.21107 0.02349
2.8546 0.216 0.023377
2.9546 0.22097 0.023261
3.0546 0.22599 0.023145
3.1546 0.23107 0.023029
3.2546 0.23619 0.022915
3.3546 0.24136 0.022805
3.4546 0.24658 0.022701
3.5546 0.25185 0.022606
3.6546 0.25717 0.022521
3.7546 0.26254 0.022449
3.8546 0.26796 0.022393
3.9546 0.27343 0.022356
4.0546 0.27895 0.022341
4.1546 0.28453 0.02235
4.2546 0.29015 0.022388
4.3546 0.29583 0.022458
4.4546 0.30156 0.022562
4.5546 0.30734 0.022705
4.6546 0.31318 0.022889
4.7546 0.31906 0.023118
4.8546 0.325 0.023395
4.9546 0.331 0.023721
5.0546 0.33705 0.024101
5.1546 0.34315 0.024535
5.2546 0.3493 0.025027
5.3546 0.35551 0.025577
5.4546 0.36178 0.026186
5.5546 0.36809 0.026513
5.6546 0.37438 0.025885
5.7546 0.38061 0.025279
5.8546 0.38677 0.024696
5.9546 0.39288 0.024135
6.0546 0.39892 0.023597
6.1546 0.40491 0.023081
6.2546 0.41083 0.022586
6.3546 0.4167 0.022113
6.4546 0.42251 0.021662
6.5546 0.42826 0.021231
6.6546 0.43395 0.020821
6.7546 0.43958 0.020432
6.8546 0.44516 0.020062
6.9546 0.45068 0.019712
7.0546 0.45614 0.019381
7.1546 0.46155 0.01907
7.2546 0.46689 0.018776
7.3546 0.47219 0.0185
7.4546 0.47742 0.018242
7.5546 0.4826 0.018001
7.6546 0.48773 0.017776
7.7546 0.4928 0.017567
7.8546 0.49782 0.017373
7.9546 0.50278 0.017194
8.0546 0.50769 0.017028
8.1546 0.51254 0.016876
8.2546 0.51734 0.016737
8.3546 0.52209 0.016611
8.4546 0.52679 0.016495
8.5546 0.53143 0.016391
8.6546 0.53602 0.016297
8.7546 0.54056 0.016213
8.8546 0.54505 0.016138
8.9546 0.54949 0.016071
9.0546 0.55387 0.016013
9.1546 0.55821 0.015961
9.2546 0.5625 0.015917
9.3546 0.56673 0.015879
9.4546 0.57092 0.015846
9.5546 0.57506 0.015819
9.6546 0.57915 0.015797
9.7546 0.58318 0.015778
9.8546 0.58718 0.015764
9.9546 0.59112 0.015754
10.055 0.59502 0.015746
10.155 0.59887 0.015741
10.255 0.60267 0.015739
10.355 0.60642 0.015738
10.455 0.61013 0.015739
10.555 0.6138 0.015742
10.655 0.61741 0.015746
10.755 0.62099 0.01575
10.855 0.62451 0.015756
10.955 0.628 0.015761
11.055 0.63143 0.015768
11.155 0.63483 0.015774
11.255 0.63818 0.01578
11.355 0.64149 0.015785
11.455 0.64475 0.01579
11.555 0.64797 0.015795
11.655 0.65115 0.015799
11.755 0.65429 0.015802
11.855 0.65738 0.015804
11.955 0.66043 0.015805
12.055 0.66345 0.015806
12.155 0.66642 0.015805
12.255 0.66935 0.015802
12.355 0.67224 0.015799
12.455 0.67509 0.015794
12.555 0.6779 0.015788
12.655 0.68067 0.01578
12.755 0.6834 0.015771
12.855 0.68609 0.01576
12.955 0.68875 0.015748
13.055 0.69136 0.015734
13.155 0.69394 0.015719
13.255 0.69648 0.015703
13.355 0.69899 0.015685
13.455 0.70145 0.015665
13.555 0.70388 0.015644
13.655 0.70628 0.015621
13.755 0.70864 0.015597
13.855 0.71096 0.015571
13.955 0.71324 0.015544
14.055 0.71549 0.015516
14.155 0.71771 0.015486
14.255 0.71989 0.015454
14.355 0.72204 0.015422
14.455 0.72415 0.015388
14.555 0.72623 0.015353
14.655 0.72828 0.015316
14.755 0.73029 0.015278
14.855 0.73227 0.015239
14.955 0.73422 0.015199
15.055 0.73613 0.015158
15.155 0.73801 0.015115
15.255 0.73987 0.015072
15.355 0.74168 0.015027
15.455 0.74347 0.014982
15.555 0.74523 0.014936
15.655 0.74696 0.014888
15.755 0.74865 0.01484
15.855 0.75032 0.014791
15.955 0.75195 0.014742
16.055 0.75356 0.014691
16.155 0.75514 0.01464
16.255 0.75668 0.014589
16.355 0.7582 0.014537
16.455 0.75969 0.014484
16.555 0.76115 0.01443
16.655 0.76259 0.014377
16.755 0.76399 0.014323
16.855 0.76537 0.014268
16.955 0.76672 0.014213
17.055 0.76804 0.014158
17.155 0.76934 0.014103
17.255 0.77061 0.014048
17.355 0.77185 0.013992
17.455 0.77307 0.013937
17.555 0.77426 0.013881
17.655 0.77542 0.013825
17.755 0.77656 0.01377
17.855 0.77768 0.013714
17.955 0.77877 0.013659
18.055 0.77983 0.013603
18.155 0.78087 0.013548
18.255 0.78189 0.013493
18.355 0.78288 0.013439
18.455 0.78385 0.013385
18.555 0.78479 0.013331
18.655 0.78572 0.013278
18.755 0.78661 0.013225
18.855 0.78749 0.013172
18.955 0.78834 0.01312
19.055 0.78917 0.013069
19.155 0.78998 0.013018
19.255 0.79076 0.012968
19.355 0.79153 0.012919
19.455 0.79227 0.01287
19.555 0.79299 0.012822
19.655 0.79369 0.012775
19.755 0.79437 0.012728
19.855 0.79502 0.012683
19.955 0.79566 0.012638
