0.05462 -0.040698 0.085462
0.15462 -0.038296 0.08642
0.25462 -0.035848 0.087371
0.35462 -0.033352 0.088314
0.45462 -0.030806 0.089242
0.55462 -0.028207 0.090153
0.65462 -0.025555 0.091043
0.75462 -0.022847 0.091906
0.85462 -0.020081 0.09274
0.95462 -0.017255 0.093541
1.0546 -0.014367 0.094304
1.1546 -0.011415 0.095027
1.2546 -0.008397 0.095706
1.3546 -0.0053111 0.096336
1.4546 -0.0021552 0.096916
1.5546 0.001073 0.097441
1.6546 0.0043753 0.097909
1.7546 0.0077541 0.098316
1.8546 0.011211 0.098661
1.9546 0.014749 0.09894
2.0546 0.01837 0.099151
2.1546 0.022075 0.099292
2.2546 0.025868 0.09936
2.3546 0.029749 0.099355
2.4546 0.033722 0.099274
2.5546 0.037788 0.099117
2.6546 0.04195 0.098882
2.7546 0.04621 0.09857
2.8546 0.05057 0.098179
2.9546 0.055032 0.097711
3.0546 0.059598 0.097166
3.1546 0.06427 0.096546
3.2546 0.069051 0.095852
3.3546 0.073943 0.095088
3.4546 0.078947 0.094257
3.5546 0.084067 0.093363
3.6546 0.089304 0.092412
3.7546 0.09466 0.091411
3.8546 0.10014 0.090367
3.9546 0.10574 0.08929
4.0546 0.11146 0.088191
4.1546 0.11732 0.087082
4.2546 0.1233 0.08598
4.3546 0.12942 0.084899
4.4546 0.13567 0.083861
4.5546 0.14206 0.082886
4.6546 0.14858 0.082
4.7546 0.15524 0.081228
4.8546 0.16205 0.080601
4.9546 0.169 0.080149
5.0546 0.1761 0.079906
5.1546 0.18335 0.079904
5.2546 0.19074 0.080178
5.3546 0.19829 0.08076
5.4546 0.20599 0.081681
5.5546 0.21385 0.082967
5.6546 0.22186 0.083867
5.7546 0.22983 0.081884
5.8546 0.23766 0.079997
5.9546 0.24535 0.078202
6.0546 0.25291 0.076496
6.1546 0.26033 0.074877
6.2546 0.26763 0.07334
6.3546 0.27479 0.071884
6.4546 0.28183 0.070504
6.5546 0.28874 0.069197
6.6546 0.29553 0.067961
6.7546 0.3022 0.066792
6.8546 0.30874 0.065687
6.9546 0.31517 0.064642
7.0546 0.32149 0.063655
7.1546 0.32768 0.062723
7.2546 0.33377 0.061843
7.3546 0.33974 0.061011
7.4546 0.3456 0.060225
7.5546 0.35136 0.059483
7.6546 0.357 0.058781
7.7546 0.36255 0.058116
7.8546 0.36799 0.057488
7.9546 0.37332 0.056892
8.0546 0.37856 0.056327
8.1546 0.3837 0.05579
8.2546 0.38874 0.05528
8.3546 0.39368 0.054795
8.4546 0.39853 0.054332
8.5546 0.40329 0.05389
8.6546 0.40796 0.053467
8.7546 0.41253 0.053063
8.8546 0.41702 0.052674
8.9546 0.42142 0.0523
9.0546 0.42573 0.05194
9.1546 0.42996 0.051593
9.2546 0.4341 0.051256
9.3546 0.43817 0.050931
9.4546 0.44215 0.050615
9.5546 0.44606 0.050307
9.6546 0.44988 0.050008
9.7546 0.45363 0.049716
9.8546 0.4573 0.04943
9.9546 0.4609 0.049151
10.055 0.46443 0.048877
10.155 0.46788 0.048608
10.255 0.47126 0.048344
10.355 0.47457 0.048085
10.455 0.47782 0.047829
10.555 0.481 0.047578
10.655 0.48411 0.047329
10.755 0.48715 0.047084
10.855 0.49013 0.046843
10.955 0.49305 0.046604
11.055 0.49591 0.046368
11.155 0.4987 0.046136
11.255 0.50143 0.045905
11.355 0.50411 0.045678
11.455 0.50673 0.045453
11.555 0.50929 0.045231
11.655 0.51179 0.045012
11.755 0.51424 0.044795
11.855 0.51664 0.044582
11.955 0.51898 0.04437
12.055 0.52127 0.044162
12.155 0.5235 0.043956
12.255 0.52569 0.043754
12.355 0.52783 0.043554
12.455 0.52991 0.043358
12.555 0.53195 0.043164
12.655 0.53394 0.042974
12.755 0.53589 0.042787
12.855 0.53779 0.042603
12.955 0.53965 0.042422
13.055 0.54146 0.042245
13.155 0.54322 0.042072
13.255 0.54495 0.041902
13.355 0.54663 0.041735
13.455 0.54827 0.041573
13.555 0.54987 0.041414
13.655 0.55143 0.041259
13.755 0.55295 0.041108
13.855 0.55444 0.04096
13.955 0.55588 0.040817
14.055 0.55729 0.040678
14.155 0.55866 0.040542
14.255 0.56 0.040411
14.355 0.5613 0.040284
14.455 0.56257 0.04016
14.555 0.5638 0.040041
14.655 0.565 0.039926
14.755 0.56616 0.039815
14.855 0.5673 0.039709
14.955 0.5684 0.039606
15.055 0.56947 0.039507
15.155 0.57051 0.039412
15.255 0.57152 0.039322
15.355 0.5725 0.039235
15.455 0.57345 0.039152
15.555 0.57438 0.039074
15.655 0.57527 0.038999
15.755 0.57614 0.038928
15.855 0.57698 0.03886
15.955 0.57779 0.038797
16.055 0.57858 0.038737
16.155 0.57934 0.038681
16.255 0.58008 0.038628
16.355 0.58079 0.038578
16.455 0.58148 0.038533
16.555 0.58215 0.03849
16.655 0.58279 0.03845
16.755 0.58341 0.038414
16.855 0.584 0.038381
16.955 0.58457 0.038351
17.055 0.58513 0.038324
17.155 0.58566 0.038299
17.255 0.58617 0.038277
17.355 0.58665 0.038258
17.455 0.58712 0.038242
17.555 0.58757 0.038228
17.655 0.588 0.038216
17.755 0.58841 0.038207
17.855 0.5888 0.0382
17.955 0.58917 0.038194
18.055 0.58953 0.038191
18.155 0.58986 0.03819
18.255 0.59018 0.038191
18.355 0.59048 0.038193
18.455 0.59077 0.038197
18.555 0.59104 0.038203
18.655 0.59129 0.03821
18.755 0.59152 0.038218
18.855 0.59174 0.038228
18.955 0.59195 0.038239
19.055 0.59214 0.038251
19.155 0.59231 0.038264
19.255 0.59247 0.038278
19.355 0.59262 0.038293
19.455 0.59275 0.038309
19.555 0.59287 0.038326
19.655 0.59297 0.038343
19.755 0.59306 0.038361
19.855 0.59314 0.038379
19.955 0.5932 0.038398
