0.064413 0.24471 0.028249
0.16441 0.24649 0.028181
0.26441 0.24831 0.028111
0.36441 0.25018 0.028039
0.46441 0.25208 0.027966
0.56441 0.25403 0.02789
0.66441 0.25602 0.027813
0.76441 0.25805 0.027735
0.86441 0.26012 0.027656
0.96441 0.26224 0.027576
1.0644 0.2644 0.027497
1.1644 0.2666 0.027417
1.2644 0.26884 0.027338
1.3644 0.27112 0.02726
1.4644 0.27344 0.027184
1.5644 0.27581 0.02711
1.6644 0.27822 0.027038
1.7644 0.28066 0.02697
1.8644 0.28315 0.026905
1.9644 0.28569 0.026845
2.0644 0.28826 0.026791
2.1644 0.29087 0.026742
2.2644 0.29353 0.0267
2.3644 0.29623 0.026666
2.4644 0.29896 0.026641
2.5644 0.30174 0.026625
2.6644 0.30456 0.02662
2.7644 0.30742 0.026626
2.8644 0.31032 0.026646
2.9644 0.31327 0.026679
3.0644 0.31625 0.026728
3.1644 0.31927 0.026792
3.2644 0.32234 0.026875
3.3644 0.32544 0.026976
3.4644 0.32858 0.027098
3.5644 0.33177 0.027241
3.6644 0.33499 0.027408
3.7644 0.33826 0.027598
3.8644 0.34157 0.027814
3.9644 0.34491 0.028057
4.0644 0.3483 0.028328
4.1644 0.35172 0.028629
4.2644 0.35519 0.02896
4.3644 0.35869 0.029323
4.4644 0.36223 0.02972
4.5644 0.36582 0.03015
4.6644 0.36944 0.030615
4.7644 0.3731 0.031117
4.8644 0.3768 0.031656
4.9644 0.38054 0.032233
5.0644 0.38432 0.032848
5.1644 0.38814 0.033503
5.2644 0.392 0.034198
5.3644 0.39589 0.034934
5.4644 0.39982 0.035711
5.5644 0.4038 0.03653
5.6644 0.4078 0.037392
5.7644 0.41185 0.038296
5.8644 0.41594 0.039243
5.9644 0.42006 0.040233
6.0644 0.42422 0.041268
6.1644 0.42842 0.042347
6.2644 0.43266 0.04347
6.3644 0.43693 0.044638
6.4644 0.44124 0.04585
6.5644 0.44559 0.047108
6.6644 0.44998 0.048412
6.7644 0.4544 0.049761
6.8644 0.45885 0.051156
6.9644 0.46335 0.052598
7.0644 0.46788 0.054086
7.1644 0.47245 0.05562
7.2644 0.47705 0.057202
7.3644 0.48169 0.058831
7.4644 0.48636 0.060507
7.5644 0.49107 0.062232
7.6644 0.49581 0.064004
7.7644 0.50059 0.065825
7.8644 0.5054 0.06565
7.9644 0.51021 0.063105
8.0644 0.51501 0.060659
8.1644 0.51979 0.058315
8.2644 0.52457 0.05608
8.3644 0.52934 0.053957
8.4644 0.5341 0.051951
8.5644 0.53884 0.050068
8.6644 0.54358 0.048313
8.7644 0.54831 0.046691
8.8644 0.55302 0.045205
8.9644 0.55772 0.04386
9.0644 0.56241 0.04266
9.1644 0.56709 0.041606
9.2644 0.57176 0.040699
9.3644 0.57642 0.03994
9.4644 0.58106 0.039326
9.5644 0.58569 0.038854
9.6644 0.59031 0.03852
9.7644 0.59491 0.038315
9.8644 0.5995 0.038234
9.9644 0.60408 0.038267
10.064 0.60864 0.038405
10.164 0.61319 0.038637
10.264 0.61772 0.038953
10.364 0.62224 0.039342
10.464 0.62675 0.039795
10.564 0.63124 0.040301
10.664 0.63571 0.040852
10.764 0.64017 0.041439
10.864 0.64461 0.042053
10.964 0.64903 0.042687
11.064 0.65344 0.043335
11.164 0.65783 0.04399
11.264 0.6622 0.044647
11.364 0.66655 0.045301
11.464 0.67089 0.045948
11.564 0.67521 0.046584
11.664 0.6795 0.047206
11.764 0.68378 0.04781
11.864 0.68804 0.048395
11.964 0.69228 0.048957
12.064 0.69651 0.049496
12.164 0.7007 0.050009
12.264 0.70488 0.050496
12.364 0.70904 0.050954
12.464 0.71318 0.051385
12.564 0.71729 0.051786
12.664 0.72138 0.052157
12.764 0.72545 0.052499
12.864 0.7295 0.052811
12.964 0.73352 0.053094
13.064 0.73752 0.053347
13.164 0.7415 0.053571
13.264 0.74545 0.053767
13.364 0.74937 0.053936
13.464 0.75327 0.054077
13.564 0.75715 0.054193
13.664 0.761 0.054283
13.764 0.76482 0.05435
13.864 0.76861 0.054394
13.964 0.77238 0.054417
14.064 0.77612 0.05442
14.164 0.77984 0.054404
14.264 0.78352 0.054372
14.364 0.78718 0.054325
14.464 0.79081 0.054264
14.564 0.7944 0.054191
14.664 0.79797 0.054108
14.764 0.80151 0.054017
14.864 0.80502 0.05392
14.964 0.80849 0.053819
15.064 0.81194 0.053714
15.164 0.81535 0.05361
15.264 0.81873 0.053506
15.364 0.82208 0.053406
15.464 0.82539 0.053311
15.564 0.82868 0.053222
15.664 0.83192 0.053142
15.764 0.83514 0.053073
15.864 0.83832 0.053015
15.964 0.84147 0.05297
16.064 0.84458 0.05294
16.164 0.84765 0.052925
16.264 0.85069 0.052928
16.364 0.85369 0.052949
16.464 0.85666 0.052988
16.564 0.85959 0.053047
16.664 0.86248 0.053125
16.764 0.86534 0.053224
16.864 0.86816 0.053343
16.964 0.87094 0.053483
17.064 0.87368 0.053643
17.164 0.87638 0.053822
17.264 0.87904 0.054021
17.364 0.88167 0.054238
17.464 0.88425 0.054473
17.564 0.8868 0.054725
17.664 0.88931 0.054992
17.764 0.89177 0.055274
17.864 0.8942 0.055569
17.964 0.89658 0.055876
18.064 0.89892 0.056193
18.164 0.90123 0.056519
18.264 0.90349 0.056851
18.364 0.90571 0.057189
18.464 0.90788 0.057531
18.564 0.91002 0.057875
18.664 0.91211 0.058219
18.764 0.91416 0.058561
18.864 0.91617 0.0589
18.964 0.91814 0.059235
19.064 0.92006 0.059563
19.164 0.92195 0.059883
19.264 0.92378 0.060194
19.364 0.92558 0.060493
19.464 0.92733 0.06078
19.564 0.92904 0.061053
19.664 0.93071 0.06131
19.764 0.93233 0.061552
19.864 0.93392 0.061775
19.964 0.93545 0.06198
