0.045491 0.27789 0.04892
0.14549 0.2824 0.048777
0.24549 0.28688 0.048644
0.34549 0.29135 0.048521
0.44549 0.29581 0.048408
0.54549 0.30025 0.048304
0.64549 0.30467 0.048209
0.74549 0.30908 0.048123
0.84549 0.31348 0.048044
0.94549 0.31786 0.047974
1.0455 0.32222 0.047911
1.1455 0.32657 0.047856
1.2455 0.3309 0.047807
1.3455 0.33522 0.047765
1.4455 0.33952 0.047729
1.5455 0.34381 0.047699
1.6455 0.34808 0.047675
1.7455 0.35233 0.047656
1.8455 0.35657 0.047641
1.9455 0.3608 0.047632
2.0455 0.36501 0.047626
2.1455 0.36921 0.047625
2.2455 0.37338 0.047627
2.3455 0.37755 0.047632
2.4455 0.3817 0.047641
2.5455 0.38583 0.047652
2.6455 0.38995 0.047666
2.7455 0.39405 0.047682
2.8455 0.39814 0.047701
2.9455 0.40221 0.04772
3.0455 0.40627 0.047742
3.1455 0.41031 0.047764
3.2455 0.41434 0.047787
3.3455 0.41835 0.047812
3.4455 0.42234 0.047836
3.5455 0.42632 0.047861
3.6455 0.43029 0.047886
3.7455 0.43424 0.047911
3.8455 0.43817 0.047936
3.9455 0.44209 0.04796
4.0455 0.44599 0.047983
4.1455 0.44988 0.048005
4.2455 0.45375 0.048027
4.3455 0.45761 0.048047
4.4455 0.46145 0.048066
4.5455 0.46528 0.048083
4.6455 0.46909 0.048098
4.7455 0.47289 0.048112
4.8455 0.47667 0.048124
4.9455 0.48043 0.048133
5.0455 0.48418 0.04814
5.1455 0.48792 0.048145
5.2455 0.49164 0.048148
5.3455 0.49534 0.048148
5.4455 0.49903 0.048145
5.5455 0.5027 0.04814
5.6455 0.50636 0.048132
5.7455 0.51 0.048121
5.8455 0.51363 0.048107
5.9455 0.51724 0.048089
6.0455 0.52084 0.048069
6.1455 0.52442 0.048046
6.2455 0.52799 0.048019
6.3455 0.53154 0.047989
6.4455 0.53507 0.047956
6.5455 0.53859 0.047919
6.6455 0.5421 0.047879
6.7455 0.54559 0.047835
6.8455 0.54906 0.047789
6.9455 0.55252 0.047738
7.0455 0.55596 0.047684
7.1455 0.55939 0.047627
7.2455 0.5628 0.047566
7.3455 0.5662 0.047502
7.4455 0.56958 0.047434
7.5455 0.57295 0.047363
7.6455 0.5763 0.047289
7.7455 0.57964 0.047211
7.8455 0.58296 0.04713
7.9455 0.58626 0.047046
8.0455 0.58955 0.046958
8.1455 0.59283 0.046867
8.2455 0.59609 0.046773
8.3455 0.59933 0.046676
8.4455 0.60256 0.046576
8.5455 0.60577 0.046473
8.6455 0.60897 0.046367
8.7455 0.61215 0.046259
8.8455 0.61532 0.046148
8.9455 0.61847 0.046034
9.0455 0.62161 0.045918
9.1455 0.62473 0.0458
9.2455 0.62784 0.04568
9.3455 0.63093 0.045557
9.4455 0.634 0.045433
9.5455 0.63706 0.045307
9.6455 0.64011 0.045179
9.7455 0.64314 0.04505
9.8455 0.64615 0.04492
9.9455 0.64915 0.044789
10.045 0.65213 0.044657
10.145 0.6551 0.044525
10.245 0.65805 0.044392
10.345 0.66099 0.044259
10.445 0.66391 0.044126
10.545 0.66682 0.043993
10.645 0.66971 0.043861
10.745 0.67259 0.04373
10.845 0.67545 0.043599
10.945 0.67829 0.04347
11.045 0.68112 0.043343
11.145 0.68394 0.043218
11.245 0.68673 0.043095
11.345 0.68952 0.042975
11.445 0.69229 0.042858
11.545 0.69504 0.042743
11.645 0.69778 0.042633
11.745 0.7005 0.042527
11.845 0.70321 0.042425
11.945 0.7059 0.042327
12.045 0.70858 0.042235
12.145 0.71124 0.042149
12.245 0.71388 0.042068
12.345 0.71651 0.041994
12.445 0.71913 0.041927
12.545 0.72173 0.041867
12.645 0.72431 0.041814
12.745 0.72688 0.04177
12.845 0.72944 0.041734
12.945 0.73197 0.041708
13.045 0.7345 0.041691
13.145 0.73701 0.041684
13.245 0.7395 0.041687
13.345 0.74198 0.041701
13.445 0.74444 0.041726
13.545 0.74688 0.041763
13.645 0.74932 0.041813
13.745 0.75173 0.041875
13.845 0.75413 0.04195
13.945 0.75652 0.042039
14.045 0.75889 0.042141
14.145 0.76124 0.042258
14.245 0.76358 0.04239
14.345 0.7659 0.042537
14.445 0.76821 0.042699
14.545 0.77051 0.042877
14.645 0.77278 0.043071
14.745 0.77505 0.043282
14.845 0.77729 0.04351
14.945 0.77952 0.043755
15.045 0.78174 0.044017
15.145 0.78394 0.044297
15.245 0.78613 0.044594
15.345 0.7883 0.04491
15.445 0.79045 0.045244
15.545 0.79259 0.045596
15.645 0.79472 0.045967
15.745 0.79683 0.046357
15.845 0.79892 0.046765
15.945 0.801 0.047192
16.045 0.80306 0.047638
16.145 0.80511 0.048103
16.245 0.80714 0.048587
16.345 0.80916 0.04909
16.445 0.81116 0.049613
16.545 0.81315 0.050154
16.645 0.81512 0.050714
16.745 0.81707 0.051293
16.845 0.81901 0.05189
16.945 0.82094 0.052507
17.045 0.82285 0.053142
17.145 0.82474 0.053796
17.245 0.82662 0.054468
17.345 0.82849 0.055159
17.445 0.83034 0.055868
17.545 0.83217 0.056595
17.645 0.83399 0.057341
17.745 0.83579 0.058104
17.845 0.83758 0.058885
17.945 0.83935 0.059683
18.045 0.8411 0.060499
18.145 0.84284 0.061332
18.245 0.84457 0.062182
18.345 0.84628 0.06305
18.445 0.84798 0.063934
18.545 0.84966 0.064835
18.645 0.85132 0.065752
18.745 0.85297 0.066686
18.845 0.8546 0.067636
18.945 0.85622 0.068602
19.045 0.85782 0.069585
19.145 0.85941 0.070582
19.245 0.86098 0.071596
19.345 0.86254 0.072625
19.445 0.86408 0.07367
19.545 0.86561 0.07473
19.645 0.86712 0.075804
