0.064413 0.79165 0.1
0.16441 0.8104 0.1
0.26441 0.82967 0.1
0.36441 0.84948 0.1
0.46441 0.86982 0.1
0.56441 0.89072 0.1
0.66441 0.91218 0.1
0.76441 0.93421 0.1
0.86441 0.95682 0.1
0.96441 0.98003 0.1
1.0644 1.0038 0.1
1.1644 1.0283 0.1
1.2644 1.0533 0.1
1.3644 1.079 0.1
1.4644 1.1054 0.1
1.5644 1.1324 0.1
1.6644 1.16 0.1
1.7644 1.1884 0.1
1.8644 1.2174 0.1
1.9644 1.2472 0.1
2.0644 1.2777 0.1
2.1644 1.3089 0.1
2.2644 1.3408 0.1
2.3644 1.3735 0.1
2.4644 1.407 0.1
2.5644 1.4412 0.1
2.6644 1.4762 0.1
2.7644 1.5121 0.1
2.8644 1.5487 0.1
2.9644 1.5862 0.1
3.0644 1.6245 0.1
3.1644 1.6636 0.1
3.2644 1.7037 0.1
3.3644 1.7446 0.1
3.4644 1.7864 0.1
3.5644 1.829 0.1
3.6644 1.8726 0.1
3.7644 1.9172 0.1
3.8644 1.9626 0.1
3.9644 2.0091 0.1
4.0644 2.0564 0.1
4.1644 2.1048 0.1
4.2644 2.1541 0.1
4.3644 2.2045 0.1
4.4644 2.2559 0.1
4.5644 2.3083 0.1
4.6644 2.3607 0.1
4.7644 2.411 0.1
4.8644 2.4593 0.1
4.9644 2.5055 0.1
5.0644 2.5495 0.1
5.1644 2.5915 0.1
5.2644 2.6315 0.1
5.3644 2.6694 0.1
5.4644 2.7052 0.1
5.5644 2.7391 0.1
5.6644 2.7709 0.1
5.7644 2.8008 0.1
5.8644 2.8287 0.1
5.9644 2.8546 0.1
6.0644 2.8785 0.1
6.1644 2.9005 0.1
6.2644 2.9206 0.1
6.3644 2.9387 0.1
6.4644 2.955 0.1
6.5644 2.9694 0.1
6.6644 2.9819 0.1
6.7644 2.9925 0.1
6.8644 3.0013 0.1
6.9644 3.0082 0.1
7.0644 3.0133 0.1
7.1644 3.0166 0.1
7.2644 3.0181 0.1
7.3644 3.0179 0.1
7.4644 3.0158 0.1
7.5644 3.012 0.1
7.6644 3.0064 0.1
7.7644 2.9991 0.1
7.8644 2.9901 0.1
7.9644 2.9794 0.1
8.0644 2.9669 0.1
