0.015832 1.2321 0.1494
0.11583 1.2605 0.16418
0.21583 1.2893 0.15937
0.31583 1.3172 0.15308
0.41583 1.3443 0.14717
0.51583 1.3706 0.14163
0.61583 1.3961 0.13643
0.71583 1.4208 0.13155
0.81583 1.4448 0.12699
0.91583 1.468 0.1227
1.0158 1.4906 0.11869
1.1158 1.5125 0.11493
1.2158 1.5338 0.11141
1.3158 1.5544 0.10812
1.4158 1.5744 0.10504
1.5158 1.5939 0.10217
1.6158 1.6128 0.099494
1.7158 1.6311 0.097003
1.8158 1.6489 0.09469
1.9158 1.6662 0.092546
2.0158 1.683 0.090565
2.1158 1.6993 0.088739
2.2158 1.7152 0.087061
2.3158 1.7306 0.085525
2.4158 1.7457 0.084125
2.5158 1.7602 0.082854
2.6158 1.7744 0.081707
2.7158 1.7883 0.080677
2.8158 1.8017 0.079759
2.9158 1.8148 0.078946
3.0158 1.8275 0.078233
3.1158 1.8399 0.077613
3.2158 1.852 0.077081
3.3158 1.8638 0.076631
3.4158 1.8753 0.076256
3.5158 1.8865 0.075952
3.6158 1.8975 0.075712
3.7158 1.9081 0.075531
3.8158 1.9185 0.075403
3.9158 1.9287 0.075323
4.0158 1.9386 0.075287
4.1158 1.9483 0.075289
4.2158 1.9578 0.075325
4.3158 1.9671 0.07539
4.4158 1.9761 0.07548
4.5158 1.985 0.075592
4.6158 1.9937 0.075721
4.7158 2.0022 0.075864
4.8158 2.0105 0.076019
4.9158 2.0186 0.076181
5.0158 2.0266 0.076348
5.1158 2.0345 0.076519
5.2158 2.0421 0.07669
5.3158 2.0497 0.076859
5.4158 2.0571 0.077024
5.5158 2.0644 0.077185
5.6158 2.0715 0.077339
5.7158 2.0785 0.077485
5.8158 2.0854 0.077622
5.9158 2.0922 0.077748
6.0158 2.0989 0.077864
6.1158 2.1054 0.077968
6.2158 2.1119 0.07806
6.3158 2.1183 0.078139
6.4158 2.1245 0.078204
6.5158 2.1307 0.078257
6.6158 2.1368 0.078296
6.7158 2.1428 0.078321
6.8158 2.1488 0.078333
6.9158 2.1546 0.078331
7.0158 2.1604 0.078316
7.1158 2.1661 0.078288
7.2158 2.1717 0.078248
7.3158 2.1773 0.078195
7.4158 2.1828 0.078131
7.5158 2.1883 0.078056
7.6158 2.1937 0.077969
7.7158 2.199 0.077873
7.8158 2.2043 0.077768
7.9158 2.2095 0.077653
8.0158 2.2147 0.077531
8.1158 2.2198 0.077402
8.2158 2.2249 0.077266
8.3158 2.2299 0.077125
8.4158 2.2349 0.076979
8.5158 2.2399 0.076829
8.6158 2.2448 0.076677
8.7158 2.2496 0.076522
8.8158 2.2545 0.076367
8.9158 2.2593 0.076212
9.0158 2.264 0.076057
9.1158 2.2688 0.075905
9.2158 2.2735 0.075755
9.3158 2.2782 0.07561
9.4158 2.2828 0.07547
9.5158 2.2874 0.075335
9.6158 2.292 0.075208
9.7158 2.2966 0.075089
9.8158 2.3011 0.074979
9.9158 2.3056 0.07488
10.016 2.3101 0.074791
10.116 2.3146 0.074714
10.216 2.319 0.074651
10.316 2.3235 0.074602
10.416 2.3279 0.074567
10.516 2.3323 0.074549
10.616 2.3367 0.074548
10.716 2.341 0.074564
10.816 2.3454 0.074599
10.916 2.3497 0.074653
11.016 2.354 0.074727
11.116 2.3583 0.074822
11.216 2.3626 0.074939
11.316 2.3668 0.075078
11.416 2.3711 0.075239
11.516 2.3753 0.075425
11.616 2.3796 0.075634
11.716 2.3838 0.075867
11.816 2.388 0.076126
11.916 2.3922 0.076409
12.016 2.3964 0.076719
12.116 2.4005 0.077054
12.216 2.4047 0.077415
12.316 2.4089 0.077803
12.416 2.413 0.078217
12.516 2.4171 0.078658
12.616 2.4213 0.079126
12.716 2.4254 0.07962
12.816 2.4295 0.080141
12.916 2.4336 0.080688
13.016 2.4377 0.081262
13.116 2.4418 0.081862
13.216 2.4459 0.082489
13.316 2.45 0.083141
13.416 2.4541 0.08382
13.516 2.4581 0.084523
13.616 2.4622 0.085252
13.716 2.4663 0.086006
13.816 2.4703 0.086784
13.916 2.4744 0.087587
14.016 2.4784 0.088413
14.116 2.4825 0.089262
14.216 2.4865 0.090135
14.316 2.4905 0.09103
14.416 2.4946 0.091948
14.516 2.4986 0.092887
14.616 2.5026 0.093847
14.716 2.5066 0.094829
14.816 2.5106 0.09583
14.916 2.5146 0.096852
15.016 2.5187 0.097893
15.116 2.5227 0.098953
15.216 2.5267 0.10003
15.316 2.5307 0.10113
15.416 2.5347 0.10224
15.516 2.5387 0.10338
15.616 2.5426 0.10452
15.716 2.5466 0.10569
15.816 2.5506 0.10687
15.916 2.5546 0.10807
16.016 2.5586 0.10928
16.116 2.5626 0.11051
16.216 2.5666 0.11175
16.316 2.5705 0.113
16.416 2.5745 0.11427
16.516 2.5785 0.11555
16.616 2.5825 0.11685
16.716 2.5864 0.11816
16.816 2.5904 0.11948
16.916 2.5944 0.12081
17.016 2.5983 0.12215
17.116 2.6023 0.1235
17.216 2.6063 0.12487
17.316 2.6102 0.12625
17.416 2.6142 0.12763
17.516 2.6181 0.12903
17.616 2.6221 0.13043
17.716 2.6261 0.13185
17.816 2.63 0.13327
17.916 2.634 0.13471
18.016 2.6379 0.13615
18.116 2.6419 0.1376
18.216 2.6458 0.13906
18.316 2.6498 0.14052
18.416 2.6537 0.142
18.516 2.6577 0.14348
18.616 2.6616 0.14497
18.716 2.6656 0.14646
18.816 2.6695 0.14797
18.916 2.6735 0.14948
19.016 2.6774 0.15099
19.116 2.6814 0.15252
19.216 2.6853 0.15405
19.316 2.6893 0.15558
19.416 2.6932 0.15712
19.516 2.6972 0.15867
19.616 2.7011 0.16022
19.716 2.705 0.16178
19.816 2.709 0.16334
19.916 2.7129 0.16491
