0.0038772 1.1098 0.18881
0.10388 1.1101 0.18727
0.20388 1.1104 0.18562
0.30388 1.1107 0.18386
0.40388 1.111 0.18201
0.50388 1.1114 0.18007
0.60388 1.1117 0.17805
0.70388 1.1121 0.17597
0.80388 1.1125 0.17385
0.90388 1.113 0.17168
1.0039 1.1136 0.16948
1.1039 1.1142 0.16728
1.2039 1.115 0.16507
1.3039 1.1158 0.16288
1.4039 1.1167 0.16071
1.5039 1.1178 0.15858
1.6039 1.119 0.1565
1.7039 1.1203 0.15449
1.8039 1.1218 0.15255
1.9039 1.1235 0.1507
2.0039 1.1253 0.14896
2.1039 1.1273 0.14731
2.2039 1.1296 0.14579
2.3039 1.132 0.14439
2.4039 1.1347 0.14311
2.5039 1.1377 0.14197
2.6039 1.1409 0.14096
2.7039 1.1443 0.14009
2.8039 1.1481 0.13935
2.9039 1.1521 0.13874
3.0039 1.1565 0.13825
3.1039 1.1611 0.13789
3.2039 1.1661 0.13763
3.3039 1.1715 0.13747
3.4039 1.1772 0.1374
3.5039 1.1833 0.1374
3.6039 1.1897 0.13747
3.7039 1.1966 0.13758
3.8039 1.2039 0.13773
3.9039 1.2116 0.1379
4.0039 1.2197 0.13807
4.1039 1.2283 0.13824
4.2039 1.2374 0.13839
4.3039 1.2469 0.1385
4.4039 1.2569 0.13856
4.5039 1.2675 0.13857
4.6039 1.2785 0.1385
4.7039 1.2901 0.13837
4.8039 1.3022 0.13815
4.9039 1.3149 0.13785
5.0039 1.3281 0.13746
5.1039 1.342 0.13698
5.2039 1.3564 0.13642
5.3039 1.3714 0.13579
5.4039 1.3871 0.1351
5.5039 1.4033 0.13436
5.6039 1.4203 0.13359
5.7039 1.4379 0.13282
5.8039 1.4561 0.13209
5.9039 1.475 0.13143
6.0039 1.4947 0.13089
6.1039 1.515 0.13051
6.2039 1.5361 0.13037
6.3039 1.5579 0.13053
6.4039 1.5804 0.13106
6.5039 1.6037 0.13203
6.6039 1.6278 0.13353
6.7039 1.6526 0.13563
6.8039 1.6782 0.13841
6.9039 1.7047 0.14194
7.0039 1.7319 0.14627
7.1039 1.76 0.15146
7.2039 1.7889 0.15755
7.3039 1.8187 0.16456
7.4039 1.8493 0.17251
7.5039 1.8808 0.18141
7.6039 1.9131 0.18885
7.7039 1.9454 0.18044
7.8039 1.9769 0.17255
7.9039 2.0076 0.16517
8.0039 2.0377 0.15835
8.1039 2.0671 0.15209
8.2039 2.0958 0.14642
8.3039 2.1238 0.14136
8.4039 2.1511 0.13692
8.5039 2.1778 0.13312
8.6039 2.2039 0.12995
8.7039 2.2293 0.12742
8.8039 2.254 0.12552
8.9039 2.2782 0.12424
9.0039 2.3017 0.12354
9.1039 2.3247 0.1234
9.2039 2.347 0.12377
9.3039 2.3688 0.12462
9.4039 2.39 0.1259
9.5039 2.4106 0.12756
9.6039 2.4307 0.12955
9.7039 2.4502 0.13183
9.8039 2.4692 0.13435
9.9039 2.4877 0.13708
10.004 2.5056 0.13998
10.104 2.523 0.14301
10.204 2.5399 0.14614
10.304 2.5564 0.14935
10.404 2.5723 0.1526
10.504 2.5878 0.15589
10.604 2.6027 0.15919
10.704 2.6173 0.16248
10.804 2.6313 0.16575
10.904 2.6449 0.16899
11.004 2.6581 0.17218
11.104 2.6708 0.17532
11.204 2.6831 0.17839
11.304 2.695 0.1814
11.404 2.7065 0.18433
11.504 2.7175 0.18717
11.604 2.7282 0.18993
11.704 2.7384 0.1926
11.804 2.7483 0.19517
11.904 2.7578 0.19764
12.004 2.7669 0.20002
12.104 2.7757 0.20229
12.204 2.784 0.20445
12.304 2.7921 0.20651
12.404 2.7997 0.20845
12.504 2.8071 0.21029
12.604 2.8141 0.21202
12.704 2.8207 0.21364
12.804 2.8271 0.21515
12.904 2.8331 0.21654
13.004 2.8388 0.21783
13.104 2.8441 0.219
13.204 2.8492 0.22006
13.304 2.854 0.22102
13.404 2.8585 0.22186
13.504 2.8627 0.22259
13.604 2.8666 0.22321
13.704 2.8702 0.22373
13.804 2.8736 0.22413
13.904 2.8766 0.22443
14.004 2.8794 0.22463
14.104 2.882 0.22472
14.204 2.8843 0.22472
14.304 2.8863 0.22461
14.404 2.8881 0.2244
14.504 2.8897 0.22409
14.604 2.891 0.22369
14.704 2.8921 0.2232
14.804 2.8929 0.22261
14.904 2.8935 0.22193
15.004 2.8939 0.22117
15.104 2.8941 0.22033
15.204 2.8941 0.2194
15.304 2.8938 0.21839
15.404 2.8934 0.2173
15.504 2.8927 0.21615
15.604 2.8919 0.21492
15.704 2.8908 0.21362
15.804 2.8895 0.21227
15.904 2.8881 0.21085
16.004 2.8865 0.20938
16.104 2.8847 0.20785
16.204 2.8827 0.20628
16.304 2.8805 0.20467
16.404 2.8782 0.20302
16.504 2.8757 0.20134
16.604 2.873 0.19964
16.704 2.8701 0.19791
16.804 2.8671 0.19617
16.904 2.864 0.19442
17.004 2.8606 0.19268
17.104 2.8572 0.19094
17.204 2.8535 0.18921
17.304 2.8498 0.18751
17.404 2.8459 0.18583
17.504 2.8418 0.1842
17.604 2.8376 0.18262
17.704 2.8333 0.1811
17.804 2.8288 0.17964
17.904 2.8242 0.17827
18.004 2.8195 0.17698
18.104 2.8146 0.1758
18.204 2.8096 0.17472
18.304 2.8045 0.17377
18.404 2.7993 0.17296
18.504 2.7939 0.17228
18.604 2.7885 0.17177
18.704 2.7829 0.17142
18.804 2.7772 0.17125
18.904 2.7714 0.17127
19.004 2.7655 0.17149
19.104 2.7595 0.17191
19.204 2.7534 0.17254
19.304 2.7472 0.1734
19.404 2.7408 0.17448
19.504 2.7344 0.1758
19.604 2.7279 0.17735
19.704 2.7213 0.17914
19.804 2.7146 0.18117
19.904 2.7078 0.18345
