0.0038772 0.12636 0.01725
0.10388 0.12804 0.017234
0.20388 0.12972 0.017221
0.30388 0.13139 0.01721
0.40388 0.13304 0.017201
0.50388 0.1347 0.017195
0.60388 0.13634 0.017191
0.70388 0.13797 0.017188
0.80388 0.1396 0.017188
0.90388 0.14122 0.01719
1.0039 0.14283 0.017193
1.1039 0.14444 0.017199
1.2039 0.14603 0.017206
1.3039 0.14762 0.017215
1.4039 0.1492 0.017225
1.5039 0.15078 0.017237
1.6039 0.15234 0.017251
1.7039 0.1539 0.017266
1.8039 0.15545 0.017282
1.9039 0.15699 0.0173
2.0039 0.15852 0.017319
2.1039 0.16005 0.017339
2.2039 0.16157 0.017361
2.3039 0.16308 0.017383
2.4039 0.16458 0.017406
2.5039 0.16607 0.017431
2.6039 0.16756 0.017456
2.7039 0.16904 0.017482
2.8039 0.17051 0.017509
2.9039 0.17197 0.017537
3.0039 0.17343 0.017565
3.1039 0.17488 0.017594
3.2039 0.17632 0.017624
3.3039 0.17775 0.017654
3.4039 0.17917 0.017685
3.5039 0.18059 0.017716
3.6039 0.182 0.017747
3.7039 0.1834 0.017779
3.8039 0.18479 0.017811
3.9039 0.18617 0.017843
4.0039 0.18755 0.017876
4.1039 0.18892 0.017909
4.2039 0.19028 0.017942
4.3039 0.19164 0.017974
4.4039 0.19298 0.018007
4.5039 0.19432 0.018041
4.6039 0.19565 0.018074
4.7039 0.19697 0.018106
4.8039 0.19829 0.018139
4.9039 0.19959 0.018172
5.0039 0.20089 0.018205
5.1039 0.20218 0.018237
5.2039 0.20347 0.018269
5.3039 0.20474 0.018301
5.4039 0.20601 0.018332
5.5039 0.20727 0.018364
5.6039 0.20852 0.018394
5.7039 0.20977 0.018425
5.8039 0.211 0.018455
5.9039 0.21223 0.018485
6.0039 0.21345 0.018514
6.1039 0.21466 0.018542
6.2039 0.21587 0.018571
6.3039 0.21707 0.018598
6.4039 0.21826 0.018625
6.5039 0.21944 0.018652
6.6039 0.22061 0.018678
6.7039 0.22178 0.018703
6.8039 0.22293 0.018728
6.9039 0.22408 0.018752
7.0039 0.22523 0.018775
7.1039 0.22636 0.018797
7.2039 0.22749 0.018819
7.3039 0.22861 0.01884
7.4039 0.22972 0.018861
7.5039 0.23082 0.01888
7.6039 0.23192 0.018899
7.7039 0.233 0.018917
7.8039 0.23408 0.018935
7.9039 0.23516 0.018951
8.0039 0.23622 0.018967
8.1039 0.23728 0.018981
8.2039 0.23832 0.018995
8.3039 0.23937 0.019008
8.4039 0.2404 0.01902
8.5039 0.24142 0.019032
8.6039 0.24244 0.019042
8.7039 0.24345 0.019052
8.8039 0.24445 0.01906
8.9039 0.24545 0.019068
9.0039 0.24643 0.019074
9.1039 0.24741 0.01908
9.2039 0.24838 0.019085
9.3039 0.24934 0.019089
9.4039 0.2503 0.019092
9.5039 0.25124 0.019094
9.6039 0.25218 0.019095
9.7039 0.25311 0.019095
9.8039 0.25404 0.019094
9.9039 0.25495 0.019092
10.004 0.25586 0.019089
10.104 0.25676 0.019085
10.204 0.25765 0.01908
10.304 0.25854 0.019074
10.404 0.25941 0.019067
10.504 0.26028 0.019059
10.604 0.26114 0.01905
10.704 0.26199 0.019041
10.804 0.26284 0.01903
10.904 0.26368 0.019018
11.004 0.26451 0.019005
11.104 0.26533 0.018991
11.204 0.26614 0.018977
11.304 0.26695 0.018961
11.404 0.26775 0.018944
11.504 0.26854 0.018927
11.604 0.26932 0.018908
11.704 0.27009 0.018888
11.804 0.27086 0.018868
11.904 0.27162 0.018847
12.004 0.27237 0.018824
12.104 0.27311 0.018801
12.204 0.27385 0.018777
12.304 0.27458 0.018752
12.404 0.2753 0.018725
12.504 0.27601 0.018699
12.604 0.27671 0.018671
12.704 0.27741 0.018642
12.804 0.2781 0.018612
12.904 0.27878 0.018582
13.004 0.27945 0.018551
13.104 0.28012 0.018519
13.204 0.28078 0.018486
13.304 0.28143 0.018452
13.404 0.28207 0.018418
13.504 0.2827 0.018383
13.604 0.28333 0.018347
13.704 0.28395 0.01831
13.804 0.28456 0.018272
13.904 0.28516 0.018234
14.004 0.28576 0.018196
14.104 0.28634 0.018156
14.204 0.28692 0.018116
14.304 0.28749 0.018075
14.404 0.28806 0.018034
14.504 0.28861 0.017992
14.604 0.28916 0.01795
14.704 0.2897 0.017907
14.804 0.29023 0.017863
14.904 0.29076 0.017819
15.004 0.29127 0.017775
15.104 0.29178 0.01773
15.204 0.29228 0.017685
15.304 0.29278 0.01764
15.404 0.29326 0.017594
15.504 0.29374 0.017548
15.604 0.29421 0.017501
15.704 0.29467 0.017454
15.804 0.29513 0.017408
15.904 0.29557 0.017361
16.004 0.29601 0.017313
16.104 0.29644 0.017266
16.204 0.29687 0.017219
16.304 0.29728 0.017172
16.404 0.29769 0.017124
16.504 0.29809 0.017077
16.604 0.29848 0.01703
16.704 0.29886 0.016983
16.804 0.29924 0.016937
16.904 0.29961 0.01689
17.004 0.29997 0.016844
17.104 0.30032 0.016798
17.204 0.30066 0.016753
17.304 0.301 0.016708
17.404 0.30133 0.016664
17.504 0.30165 0.01662
17.604 0.30197 0.016577
17.704 0.30227 0.016534
17.804 0.30257 0.016493
17.904 0.30286 0.016452
18.004 0.30314 0.016411
18.104 0.30342 0.016372
18.204 0.30368 0.016334
18.304 0.30394 0.016297
18.404 0.30419 0.016261
18.504 0.30444 0.016226
18.604 0.30467 0.016192
18.704 0.3049 0.01616
18.804 0.30512 0.016129
18.904 0.30533 0.0161
19.004 0.30553 0.016072
19.104 0.30573 0.016045
19.204 0.30592 0.016021
19.304 0.3061 0.015998
19.404 0.30627 0.015976
19.504 0.30644 0.015957
19.604 0.30659 0.01594
19.704 0.30674 0.015925
19.804 0.30689 0.015912
19.904 0.30702 0.015901
