0.015832 0.079967 0.022398
0.11583 0.082653 0.023161
0.21583 0.085378 0.023991
0.31583 0.08814 0.024887
0.41583 0.090941 0.025846
0.51583 0.09378 0.026869
0.61583 0.096656 0.027951
0.71583 0.099571 0.029093
0.81583 0.10252 0.029753
0.91583 0.10548 0.028701
1.0158 0.10843 0.027681
1.1158 0.11137 0.026696
1.2158 0.11431 0.025747
1.3158 0.11724 0.024834
1.4158 0.12017 0.023959
1.5158 0.12308 0.023123
1.6158 0.12599 0.022328
1.7158 0.1289 0.021573
1.8158 0.13179 0.020862
1.9158 0.13468 0.020193
2.0158 0.13756 0.019569
2.1158 0.14043 0.01899
2.2158 0.14329 0.018457
2.3158 0.14615 0.01797
2.4158 0.14899 0.017529
2.5158 0.15183 0.017134
2.6158 0.15466 0.016784
2.7158 0.15748 0.016478
2.8158 0.16029 0.016216
2.9158 0.16308 0.015995
3.0158 0.16587 0.015814
3.1158 0.16865 0.015671
3.2158 0.17142 0.015562
3.3158 0.17418 0.015485
3.4158 0.17693 0.015437
3.5158 0.17966 0.015416
3.6158 0.18239 0.015418
3.7158 0.1851 0.015441
3.8158 0.1878 0.015481
3.9158 0.19049 0.015536
4.0158 0.19317 0.015602
4.1158 0.19583 0.015678
4.2158 0.19849 0.015761
4.3158 0.20112 0.015849
4.4158 0.20375 0.01594
4.5158 0.20636 0.016032
4.6158 0.20896 0.016123
4.7158 0.21154 0.016213
4.8158 0.21411 0.016299
4.9158 0.21667 0.01638
5.0158 0.21921 0.016456
5.1158 0.22173 0.016526
5.2158 0.22424 0.016589
5.3158 0.22674 0.016644
5.4158 0.22922 0.016692
5.5158 0.23168 0.016731
5.6158 0.23413 0.016762
5.7158 0.23655 0.016784
5.8158 0.23897 0.016798
5.9158 0.24136 0.016803
6.0158 0.24374 0.0168
6.1158 0.2461 0.016789
6.2158 0.24844 0.01677
6.3158 0.25076 0.016744
6.4158 0.25307 0.016711
6.5158 0.25536 0.016672
6.6158 0.25762 0.016627
6.7158 0.25987 0.016577
6.8158 0.2621 0.016522
6.9158 0.26431 0.016463
7.0158 0.2665 0.016401
7.1158 0.26867 0.016337
7.2158 0.27081 0.016271
7.3158 0.27294 0.016205
7.4158 0.27505 0.016138
7.5158 0.27713 0.016073
7.6158 0.2792 0.016009
7.7158 0.28124 0.015948
7.8158 0.28326 0.01589
7.9158 0.28526 0.015836
8.0158 0.28724 0.015787
8.1158 0.28919 0.015744
8.2158 0.29112 0.015706
8.3158 0.29303 0.015676
8.4158 0.29492 0.015652
8.5158 0.29678 0.015636
8.6158 0.29862 0.015628
8.7158 0.30044 0.015628
8.8158 0.30223 0.015637
8.9158 0.304 0.015654
9.0158 0.30575 0.015679
9.1158 0.30747 0.015713
9.2158 0.30917 0.015756
9.3158 0.31085 0.015806
9.4158 0.3125 0.015864
9.5158 0.31413 0.01593
9.6158 0.31573 0.016002
9.7158 0.31731 0.016081
9.8158 0.31887 0.016166
9.9158 0.3204 0.016257
10.016 0.32191 0.016352
10.116 0.32339 0.01645
10.216 0.32485 0.016553
10.316 0.32628 0.016658
10.416 0.3277 0.016765
10.516 0.32908 0.016873
10.616 0.33045 0.016981
10.716 0.33178 0.01709
10.816 0.3331 0.017198
10.916 0.33439 0.017304
11.016 0.33566 0.017409
11.116 0.3369 0.01751
11.216 0.33812 0.017609
11.316 0.33932 0.017704
11.416 0.34049 0.017794
11.516 0.34164 0.01788
11.616 0.34277 0.017961
11.716 0.34387 0.018036
11.816 0.34496 0.018105
11.916 0.34601 0.018168
12.016 0.34705 0.018224
12.116 0.34807 0.018274
12.216 0.34906 0.018317
12.316 0.35003 0.018352
12.416 0.35098 0.018381
12.516 0.3519 0.018402
12.616 0.35281 0.018415
12.716 0.35369 0.018421
12.816 0.35456 0.018419
12.916 0.3554 0.01841
13.016 0.35622 0.018393
13.116 0.35703 0.018369
13.216 0.35781 0.018338
13.316 0.35857 0.0183
13.416 0.35932 0.018254
13.516 0.36004 0.018202
13.616 0.36075 0.018143
13.716 0.36143 0.018078
13.816 0.3621 0.018007
13.916 0.36275 0.017929
14.016 0.36338 0.017846
14.116 0.364 0.017758
14.216 0.36459 0.017665
14.316 0.36517 0.017567
14.416 0.36574 0.017464
14.516 0.36628 0.017358
14.616 0.36681 0.017248
14.716 0.36732 0.017134
14.816 0.36782 0.017018
14.916 0.3683 0.016899
15.016 0.36877 0.016777
15.116 0.36922 0.016654
15.216 0.36966 0.016529
15.316 0.37008 0.016403
15.416 0.37049 0.016276
15.516 0.37089 0.016149
15.616 0.37127 0.016022
15.716 0.37163 0.015895
15.816 0.37199 0.015768
15.916 0.37233 0.015643
16.016 0.37266 0.015519
16.116 0.37297 0.015397
16.216 0.37328 0.015277
16.316 0.37357 0.015159
16.416 0.37385 0.015044
16.516 0.37411 0.014931
16.616 0.37437 0.014822
16.716 0.37462 0.014716
16.816 0.37485 0.014614
16.916 0.37508 0.014516
17.016 0.37529 0.014422
17.116 0.3755 0.014332
17.216 0.37569 0.014247
17.316 0.37587 0.014166
17.416 0.37605 0.01409
17.516 0.37621 0.014018
17.616 0.37637 0.013952
17.716 0.37652 0.01389
17.816 0.37666 0.013833
17.916 0.37679 0.013782
18.016 0.37691 0.013735
18.116 0.37702 0.013693
18.216 0.37713 0.013656
18.316 0.37723 0.013624
18.416 0.37732 0.013597
18.516 0.3774 0.013575
18.616 0.37748 0.013557
18.716 0.37755 0.013543
18.816 0.37761 0.013534
18.916 0.37767 0.013529
19.016 0.37772 0.013528
19.116 0.37776 0.013531
19.216 0.3778 0.013538
19.316 0.37783 0.013548
19.416 0.37785 0.013561
19.516 0.37787 0.013578
19.616 0.37788 0.013598
19.716 0.37789 0.01362
19.816 0.3779 0.013645
19.916 0.37789 0.013673
