0.064413 0.049222 0.023231
0.16441 0.051903 0.023987
0.26441 0.054618 0.024781
0.36441 0.057368 0.025613
0.46441 0.060153 0.026481
0.56441 0.062972 0.027385
0.66441 0.065825 0.027748
0.76441 0.068684 0.026991
0.86441 0.071541 0.026255
0.96441 0.074398 0.025543
1.0644 0.077253 0.024855
1.1644 0.080107 0.024192
1.2644 0.082959 0.023557
1.3644 0.08581 0.02295
1.4644 0.088659 0.022374
1.5644 0.091507 0.021829
1.6644 0.094353 0.021317
1.7644 0.097197 0.020839
1.8644 0.10004 0.020397
1.9644 0.10288 0.019992
2.0644 0.10572 0.019626
2.1644 0.10855 0.019298
2.2644 0.11139 0.01901
2.3644 0.11422 0.018762
2.4644 0.11705 0.018554
2.5644 0.11988 0.018387
2.6644 0.1227 0.018259
2.7644 0.12552 0.01817
2.8644 0.12834 0.01812
2.9644 0.13116 0.018106
3.0644 0.13397 0.018127
3.1644 0.13678 0.018182
3.2644 0.13959 0.018268
3.3644 0.14239 0.018382
3.4644 0.14519 0.018524
3.5644 0.14799 0.01869
3.6644 0.15078 0.018877
3.7644 0.15357 0.019084
3.8644 0.15635 0.019308
3.9644 0.15913 0.019546
4.0644 0.16191 0.019797
4.1644 0.16468 0.020058
4.2644 0.16745 0.020326
4.3644 0.17021 0.0206
4.4644 0.17296 0.020878
4.5644 0.17571 0.021158
4.6644 0.17846 0.021438
4.7644 0.1812 0.021717
4.8644 0.18393 0.021992
4.9644 0.18666 0.022263
5.0644 0.18938 0.022528
5.1644 0.19209 0.022786
5.2644 0.1948 0.023036
5.3644 0.19749 0.023276
5.4644 0.20019 0.023505
5.5644 0.20287 0.023723
5.6644 0.20554 0.023929
5.7644 0.20821 0.024122
5.8644 0.21087 0.0243
5.9644 0.21351 0.024464
6.0644 0.21615 0.024612
6.1644 0.21878 0.024745
6.2644 0.2214 0.024861
6.3644 0.22401 0.024961
6.4644 0.2266 0.025043
6.5644 0.22919 0.025108
6.6644 0.23176 0.025155
6.7644 0.23432 0.025184
6.8644 0.23687 0.025196
6.9644 0.23941 0.025189
7.0644 0.24193 0.025164
7.1644 0.24444 0.025122
7.2644 0.24694 0.025062
7.3644 0.24942 0.024984
7.4644 0.25188 0.02489
7.5644 0.25433 0.024779
7.6644 0.25676 0.024652
7.7644 0.25918 0.02451
7.8644 0.26158 0.024353
7.9644 0.26396 0.024182
8.0644 0.26632 0.023998
8.1644 0.26866 0.023802
8.2644 0.27099 0.023595
8.3644 0.27329 0.023379
8.4644 0.27558 0.023154
8.5644 0.27784 0.022923
8.6644 0.28008 0.022685
8.7644 0.28231 0.022444
8.8644 0.2845 0.022201
8.9644 0.28668 0.021957
9.0644 0.28883 0.021714
9.1644 0.29096 0.021474
9.2644 0.29306 0.02124
9.3644 0.29514 0.021011
9.4644 0.29719 0.020792
9.5644 0.29922 0.020583
9.6644 0.30122 0.020386
9.7644 0.30319 0.020202
9.8644 0.30513 0.020034
9.9644 0.30705 0.019883
10.064 0.30894 0.01975
10.164 0.3108 0.019635
10.264 0.31262 0.01954
10.364 0.31442 0.019466
10.464 0.31619 0.019411
10.564 0.31793 0.019378
10.664 0.31964 0.019364
10.764 0.32132 0.01937
10.864 0.32296 0.019395
10.964 0.32458 0.019437
11.064 0.32616 0.019497
11.164 0.32771 0.019571
11.264 0.32922 0.019658
11.364 0.33071 0.019758
11.464 0.33216 0.019867
11.564 0.33358 0.019984
11.664 0.33496 0.020107
11.764 0.33632 0.020234
11.864 0.33764 0.020364
11.964 0.33892 0.020494
12.064 0.34017 0.020623
12.164 0.3414 0.020748
12.264 0.34258 0.020869
12.364 0.34374 0.020984
12.464 0.34486 0.021091
12.564 0.34595 0.021189
12.664 0.34701 0.021277
12.764 0.34803 0.021354
12.864 0.34903 0.021419
12.964 0.34999 0.021472
13.064 0.35092 0.021511
13.164 0.35182 0.021536
13.264 0.35269 0.021547
13.364 0.35353 0.021544
13.464 0.35434 0.021526
13.564 0.35512 0.021494
13.664 0.35588 0.021447
13.764 0.3566 0.021385
13.864 0.3573 0.02131
13.964 0.35796 0.02122
14.064 0.35861 0.021117
14.164 0.35922 0.021
14.264 0.35981 0.020872
14.364 0.36037 0.020731
14.464 0.36091 0.020579
14.564 0.36143 0.020416
14.664 0.36192 0.020243
14.764 0.36238 0.02006
14.864 0.36283 0.01987
14.964 0.36325 0.019671
15.064 0.36365 0.019466
15.164 0.36403 0.019254
15.264 0.36439 0.019037
15.364 0.36472 0.018816
15.464 0.36504 0.018591
15.564 0.36534 0.018363
15.664 0.36562 0.018132
15.764 0.36589 0.017901
15.864 0.36613 0.017668
15.964 0.36636 0.017436
16.064 0.36657 0.017205
16.164 0.36677 0.016976
16.264 0.36695 0.016748
16.364 0.36711 0.016524
16.464 0.36726 0.016303
16.564 0.3674 0.016085
16.664 0.36752 0.015873
16.764 0.36763 0.015665
16.864 0.36773 0.015463
16.964 0.36781 0.015267
17.064 0.36788 0.015078
17.164 0.36794 0.014894
17.264 0.36799 0.014718
17.364 0.36803 0.014549
17.464 0.36806 0.014387
17.564 0.36808 0.014233
17.664 0.36808 0.014087
17.764 0.36808 0.013948
17.864 0.36807 0.013817
17.964 0.36805 0.013693
18.064 0.36803 0.013578
18.164 0.36799 0.01347
18.264 0.36795 0.013369
18.364 0.3679 0.013276
18.464 0.36784 0.01319
18.564 0.36777 0.013111
18.664 0.3677 0.01304
18.764 0.36762 0.012974
18.864 0.36753 0.012915
18.964 0.36744 0.012862
19.064 0.36735 0.012815
19.164 0.36724 0.012774
19.264 0.36714 0.012737
19.364 0.36702 0.012706
19.464 0.36691 0.012679
19.564 0.36678 0.012657
19.664 0.36666 0.012639
19.764 0.36652 0.012624
19.864 0.36639 0.012613
19.964 0.36625 0.012605
